   1   1   1          5.38810092         11.67875619         34.92240266         19.88212795
   2   1   1         14.10844786         31.51992858         55.39005152         36.70038221
   3   1   1         21.94813434         45.79841502         73.59842343         51.72227169
   4   1   1         27.68812708         57.47461564         91.73482059         65.67376305
   5   1   1         32.32641202         68.27214050        109.28002427         79.17866558
   6   1   1         35.15317466         77.05268724        126.31523038         92.74725245
   7   1   1         35.51992349         85.77661001        143.43867493        105.94261441
   8   1   1         35.37393642         93.71800595        160.62413056        119.98660793
   9   1   1         34.25650990        101.68063781        179.12008312        134.72670596
  10   1   1         32.87880947        109.63727018        198.97041321        150.06230578
  11   1   1         29.51801704        116.98810075        219.52927784        165.41695599
  12   1   1         24.56775057        123.79541464        241.40121883        181.91132380
  13   1   1         18.34558397        131.67015026        264.41359555        198.30019528
  14   1   1         14.18954945        137.73164741        288.68458690        214.17042966
  15   1   1          8.75734506        142.79119848        309.10673961        228.09118189
  16   1   1          0.27340990        146.50142975        326.65668755        239.98399995
  17   1   1          0.00000000        144.58979705        345.84754602        249.19606996
  18   1   1          0.00000000        139.71470115        355.85457232        253.93416428
  19   1   1          0.00000000        128.10941075        358.94314902        253.62744142
  20   1   1          0.00000000        113.65877533        355.43328697        249.45472747
  21   1   1          1.81812440         92.16143036        337.19834008        234.09964933
  22   1   1          0.00000000         72.82339478        317.69300852        219.57863191
  23   1   1          0.00000000         58.14815921        302.18623950        206.04793707
  24   1   1          0.00000000         42.94105902        288.02439077        193.64168885
  25   1   1          0.00000000         34.42660266        268.24081931        181.28763969
  26   1   1          0.00000000         32.43325505        249.76408386        170.65225616
  27   1   1          0.00000000         30.98493005        234.92563291        160.50022225
  28   1   1          0.00000000         29.59244939        222.81246948        152.79768796
  29   1   1          0.00000000         25.99917826        195.55366201        138.26855497
  30   1   1          0.00000000         20.96536843        180.55509391        126.30733017
  31   1   1          0.00000000         21.78998425        167.07442733        118.51832136
  32   1   1          0.00000000         17.89872525        153.28224676        108.83970528
  33   1   1          0.00000000         15.43184207        140.77485225         99.57591018
  34   1   1          0.00000000         14.74292162        132.62832642         96.40378837
  35   1   1         -9.00000000         -9.00000000         -9.00000000         -9.00000000
  36   1   1         -9.00000000         -9.00000000         -9.00000000         -9.00000000
   1   1   2          3.14106575          6.30306847         20.27005941         13.06448871
   2   1   2          4.85366200         18.24585689         36.33254297         23.98113346
   3   1   2          6.68158705         25.41579455         51.41941641         34.23981940
   4   1   2          8.46886893         33.64594908         65.03260329         44.33353381
   5   1   2         10.05366573         40.38450859         77.54349010         54.14299975
   6   1   2         11.56356232         46.85275524         89.49733776         64.39516311
   7   1   2         11.61848422         51.32031631        100.85319953         74.59623759
   8   1   2         11.52380616         55.50267855        114.20256312         85.70016521
   9   1   2          9.47988738         59.74431646        126.12202298         96.99557794
  10   1   2          7.61935202         62.15680617        138.59221379        108.21037336
  11   1   2          4.57945351         65.17553830        153.59934172        120.18688928
  12   1   2          1.90321373         67.76192569        169.31889505        132.59877075
  13   1   2          0.00000000         69.57766380        183.98409367        144.92371493
  14   1   2          0.00000000         71.18623546        201.84938214        157.06183635
  15   1   2          0.00000000         71.37802067        215.30519089        168.27737890
  16   1   2          0.00000000         68.24817657        229.04131286        176.35284176
  17   1   2          0.00000000         63.24198890        239.76779327        182.64630911
  18   1   2          0.00000000         55.42696432        245.83111876        185.53186015
  19   1   2          0.00000000         41.02959080        244.69308510        185.00753278
  20   1   2          0.00000000         29.11344074        235.58839110        182.03997091
  21   1   2          0.00000000         12.02364001        218.07988464        170.14756734
  22   1   2          0.00000000         11.54059680        197.76662588        158.23893162
  23   1   2          0.00000000          9.24399975        180.83415643        147.39730601
  24   1   2          0.00000000          8.77399165        164.29037322        137.39242859
  25   1   2          0.00000000          7.92886518        148.01892090        126.63501630
  26   1   2          0.00000000          6.91558606        133.35902284        117.01975571
  27   1   2          0.00000000          3.82325029        120.43753815        107.89772706
  28   1   2          0.00000000          3.53719133        104.35302891         98.45276626
  29   1   2          0.00000000          3.29290291         92.97893680         91.31061571
  30   1   2          0.00000000          3.10939050         87.72144318         87.11601935
  31   1   2          0.00000000          2.65292269         72.29220847         80.84198791
  32   1   2          0.00000000          0.98782876         69.23343957         71.58184131
  33   1   2          0.00000000          3.55370914         77.88327026         75.66943791
  34   1   2          0.00000000          3.29004515         78.62366374         72.66666777
  35   1   2         -9.00000000         -9.00000000         -9.00000000         -9.00000000
  36   1   2         -9.00000000         -9.00000000         -9.00000000         -9.00000000
   1   1   3          5.48219342          8.67323347         17.06365719         15.19254107
   2   1   3          7.42507623         21.50334934         37.80190232         26.35730024
   3   1   3         11.02318334         28.73284340         51.10393123         35.43470563
   4   1   3         12.14288432         34.41053009         62.07406903         43.21073881
   5   1   3         11.77107206         38.54308319         71.28249263         50.12229963
   6   1   3         11.19618205         41.24089644         78.97858426         56.59156119
   7   1   3          8.21548446         42.93075791         85.94439856         63.18937997
   8   1   3          5.48625394         43.34134344         93.01369251         70.26198595
   9   1   3          3.41209588         44.62943548        101.70164490         78.14961961
  10   1   3          1.09542500         45.40877963        109.74722290         86.43963651
  11   1   3          0.00000000         46.65945141        118.79724320         94.72202219
  12   1   3          0.00000000         47.14365382        129.83359763        103.38664010
  13   1   3          0.00000000         46.03797010        138.41293236        111.39195226
  14   1   3          0.00000000         46.06745709        150.34407170        119.89942947
  15   1   3          0.00000000         43.29832743        157.99658754        127.49622211
  16   1   3          0.00000000         39.17100906        165.46155763        133.61587529
  17   1   3          0.00000000         31.67235249        169.72865830        137.29152851
  18   1   3          0.00000000         22.28883666        175.36929012        140.52048512
  19   1   3          0.00000000         10.70791078        172.89910298        139.71013164
  20   1   3          0.00000000          5.03855050        168.52548987        136.96318229
  21   1   3          0.00000000          4.53038045        150.10938878        125.68062561
  22   1   3          0.00000000          5.40305616        130.14187398        115.21841331
  23   1   3          0.00000000          3.79826556        112.99150937        105.41194599
  24   1   3          0.00000000          2.19406360         98.72136023         96.72324192
  25   1   3          0.00000000          1.26729345         79.49459839         89.11719117
  26   1   3          0.00000000          1.01402407         65.18483232         78.05888517
  27   1   3          0.00000000          0.00960893         51.07806059         70.62539709
  28   1   3          0.00000000          0.00000000         47.07323720         65.33029520
  29   1   3          0.00000000          0.00000000         37.75309620         58.65189172
  30   1   3          0.00000000          0.00000000         27.64777822         52.85208777
  31   1   3          0.00000000          0.00000000         27.69853131         49.44875009
  32   1   3          0.00000000          0.00000000         27.23911869         43.48581098
  33   1   3          0.00000000          0.72049932         18.44375252         34.29362854
  34   1   3          0.00000000          2.11511364         19.58565903         32.75903504
  35   1   3         -9.00000000         -9.00000000         -9.00000000         -9.00000000
  36   1   3         -9.00000000         -9.00000000         -9.00000000         -9.00000000
   1   2   1          3.15631602         12.87212212         24.65280976         20.61985414
   2   2   1         14.87390278         35.13221798         59.75544093         40.29448321
   3   2   1         26.45470894         52.68579388         83.29127502         59.45008218
   4   2   1         37.99516643         71.18350841        107.63254789         78.92280961
   5   2   1         48.61667837         87.62352549        132.71103002         99.04986867
   6   2   1         58.29992694        105.40511701        159.30279974        120.60273791
   7   2   1         67.61817700        124.94422721        187.86834637        143.62734560
   8   2   1         77.39998636        144.75502014        219.00205111        169.02898684
   9   2   1         87.60107107        165.60033617        250.85149356        195.70892580
  10   2   1         97.18439834        188.93206787        284.93242056        224.11332600
  11   2   1        106.76024372        211.93759905        321.85341843        254.34618358
  12   2   1        114.08456046        237.62907859        361.19573195        285.46706991
  13   2   1        121.39541346        261.34124757        401.72351136        316.45348522
  14   2   1        124.83819222        285.94959499        442.10343396        347.21830140
  15   2   1        129.33090600        308.38131104        482.38024902        376.50035024
  16   2   1        129.99988459        327.58613610        520.73773673        402.31174535
  17   2   1        127.49783325        344.22656250        554.97166952        425.14339625
  18   2   1        119.97721186        354.39144115        583.72284207        441.88109387
  19   2   1        106.06200409        357.44998232        607.50696413        451.98323202
  20   2   1         94.65859985        358.84145993        619.15572930        455.50793515
  21   2   1         71.21289423        341.42213965        598.99835926        435.59816548
  22   2   1         50.07608358        322.03171705        578.37977108        414.93559846
  23   2   1         33.87654889        304.33472484        559.68307452        395.82905176
  24   2   1         29.31019280        287.19978792        537.19585356        375.96250161
  25   2   1         27.53118005        268.47650074        514.60137939        357.40296595
  26   2   1         24.10286304        250.87368712        495.95626629        339.33087051
  27   2   1         19.17291588        227.69053650        471.02428094        317.83214899
  28   2   1         14.75968826        213.72439580        453.78263999        302.48733754
  29   2   1         12.32149640        197.65605763        431.86612356        285.20239078
  30   2   1         10.00520772        176.66464432        409.35683044        267.05008396
  31   2   1          7.17704500        155.38807678        386.31888244        249.03665212
  32   2   1          3.95686090        137.03271098        361.65882284        231.97305181
  33   2   1          1.82022035        125.74395483        347.21575928        220.36439463
  34   2   1          0.00000000        110.95159088        306.20200802        203.09319443
  35   2   1         -9.00000000         -9.00000000         -9.00000000         -9.00000000
  36   2   1         -9.00000000         -9.00000000         -9.00000000         -9.00000000
   1   2   2          3.57270718         10.80232673         21.94372677         18.48435017
   2   2   2         11.72304510         29.59895879         53.17088350         34.90126642
   3   2   2         19.64640883         43.59794047         71.60582660         50.27707712
   4   2   2         25.76847321         57.37644969         92.02344744         65.71277967
   5   2   2         32.26953865         69.90523484        112.02874387         81.55865072
   6   2   2         37.37525325         81.90547180        132.68226244         97.77982210
   7   2   2         41.74282074         94.39882034        155.50509145        115.21834585
   8   2   2         45.39899472        107.33742111        178.86854483        134.14966484
   9   2   2         48.56106493        121.15860899        204.12949618        154.52231104
  10   2   2         51.23646330        136.16820642        230.87609777        175.87538747
  11   2   2         52.69674683        151.16267623        259.71212769        198.83685663
  12   2   2         52.97967547        168.69374084        293.35811318        223.89437512
  13   2   2         51.89863832        184.59536257        324.48371446        248.04056818
  14   2   2         49.33346045        202.51024156        358.67354845        272.51554825
  15   2   2         46.02471132        215.94575859        387.67042545        294.45300481
  16   2   2         37.97691836        228.82709874        417.43880193        313.93032462
  17   2   2         28.58680572        236.64530755        443.56312528        330.33580819
  18   2   2         15.64069519        240.27163351        466.15243369        342.33845490
  19   2   2          3.80801013        237.45833351        479.89241720        348.25047343
  20   2   2          0.00000000        229.50605083        489.62735987        348.84740549
  21   2   2          6.37066470        207.05031781        468.74417060        329.56289458
  22   2   2          6.12075563        187.95989990        448.05784548        312.43450059
  23   2   2          0.00000000        170.85841765        428.07292402        294.99564548
  24   2   2          0.00000000        150.15783641        408.74785036        277.60860151
  25   2   2          0.00000000        132.39380441        390.71485629        261.95966569
  26   2   2          0.00000000        114.58732575        372.01007232        246.81255494
  27   2   2          0.00000000         96.23277444        348.63422011        232.28753484
  28   2   2          0.00000000         85.15961322        330.31812377        218.56630273
  29   2   2          0.00000000         75.07571468        304.18041842        203.32882623
  30   2   2          0.00000000         69.53379672        286.03764416        192.40236607
  31   2   2          0.00000000         66.52949905        279.36272624        185.36585946
  32   2   2          0.00000000         58.97782266        269.43339231        173.61677879
  33   2   2          0.00000000         51.85498978        250.29227278        158.50786061
  34   2   2          0.00000000         47.77290835        245.06181135        151.91796632
  35   2   2         -9.00000000         -9.00000000         -9.00000000         -9.00000000
  36   2   2         -9.00000000         -9.00000000         -9.00000000         -9.00000000
   1   2   3          3.42610145          9.24938712         19.41673259         15.93851483
   2   2   3          8.75093113         24.37238470         44.11873711         30.06669696
   3   2   3         15.20905100         36.78704308         61.96729348         43.14716956
   4   2   3         20.68978562         48.63968336         79.91399070         56.32235069
   5   2   3         26.45532991         59.05615946         96.84729342         69.89910579
   6   2   3         30.94294141         69.61937171        115.37010208         83.87624265
   7   2   3         34.36597687         80.74116587        132.70580814         98.47638387
   8   2   3         37.37480832         91.29189093        151.57666202        113.76492362
   9   2   3         40.46720419        101.84720730        170.29867843        130.13863273
  10   2   3         42.69406919        114.08330012        193.41781899        148.25997802
  11   2   3         43.67072894        127.64662889        216.89335707        167.22672276
  12   2   3         45.20385408        141.19581636        242.95393731        187.38732113
  13   2   3         43.31272511        154.15407411        267.92989368        207.43992805
  14   2   3         43.38601948        166.81683449        295.00568036        228.18301336
  15   2   3         41.86765714        178.87063736        321.60845947        247.61185852
  16   2   3         33.72420111        188.63718706        347.19260835        264.84161022
  17   2   3         21.98963287        197.95368191        368.44830815        280.31338064
  18   2   3          9.00321645        199.59723349        386.57852787        289.76134365
  19   2   3          0.14888807        197.81407790        397.80919528        294.40429737
  20   2   3          0.00000000        187.90448395        402.98318827        293.51926295
  21   2   3          5.35524453        170.44895935        383.49523510        275.31570478
  22   2   3          1.55605156        150.72119602        360.56942107        255.94788618
  23   2   3          0.09359370        136.37045737        342.20201578        239.82977235
  24   2   3          0.27499401        113.97522325        321.36471558        222.14573060
  25   2   3          0.00000000         97.12995134        299.32787764        206.95071199
  26   2   3          0.00000000         82.22859172        283.14172218        196.06572493
  27   2   3          0.00000000         71.84819352        267.00510555        186.48164847
  28   2   3          0.00000000         57.06847172        256.92158219        175.34963618
  29   2   3          0.00000000         48.81501681        250.66634391        168.46852884
  30   2   3          0.00000000         55.19387245        240.98481712        163.00195216
  31   2   3          0.00000000         57.55366382        232.47855101        159.69034923
  32   2   3          0.00000000         44.93568491        219.14105310        146.25937588
  33   2   3          0.00000000         32.74949968        202.78968839        136.23979830
  34   2   3          0.00000000         34.68582043        208.55209932        131.08448449
  35   2   3         -9.00000000         -9.00000000         -9.00000000         -9.00000000
  36   2   3         -9.00000000         -9.00000000         -9.00000000         -9.00000000
   1   3   1          4.75113559         12.07336025         24.32899048         20.96038576
   2   3   1         13.73540507         36.44008610         65.75215149         43.28688097
   3   3   1         27.95801682         61.52182929         97.52252960         68.83653638
   4   3   1         47.75598101         88.12240109        136.67954158         99.16622175
   5   3   1         68.64446259        121.48600881        178.93212123        135.32831547
   6   3   1         91.76734136        158.13285268        229.77972023        177.62788247
   7   3   1        121.00093760        199.00178528        285.78874535        225.19815500
   8   3   1        152.17258153        244.36595617        347.13735324        278.22979157
   9   3   1        186.07123353        294.34676051        412.67424527        336.00197920
  10   3   1        224.19600513        347.53268999        484.35016304        398.51087831
  11   3   1        264.05246493        403.06282701        558.81832236        463.45291639
  12   3   1        303.40948340        460.61562249        637.77803005        529.58395854
  13   3   1        340.26875800        517.35895983        715.31665633        594.43361149
  14   3   1        376.55294505        575.02251271        794.52531018        658.51301822
  15   3   1        410.87084123        628.58830634        872.61226630        718.48296912
  16   3   1        438.83679291        675.56684914        945.70696426        772.51816369
  17   3   1        465.23233755        719.97482509       1013.72344642        819.69044233
  18   3   1        482.52523878        755.64434814       1076.38989352        857.31140430
  19   3   1        492.61612703        781.57991476       1131.54799908        885.69879966
  20   3   1        490.70405353        796.99852530       1169.21999117        901.88010096
  21   3   1        473.16222992        774.44496894       1134.88850587        873.52227186
  22   3   1        456.82316973        754.15850354       1098.22577218        844.42657641
  23   3   1        439.59975777        731.40893555       1059.32062082        814.45341777
  24   3   1        421.68844344        708.27648926       1025.26463719        784.95921413
  25   3   1        402.71069336        684.29514992        988.59257010        754.46662122
  26   3   1        382.56357746        660.10355616        953.01269696        723.08522229
  27   3   1        365.33927883        637.17100680        919.42002388        694.04407463
  28   3   1        343.47909641        614.64702936        886.89316635        663.81575454
  29   3   1        323.18653887        590.85419850        850.14927714        634.03149937
  30   3   1        296.96113533        565.60570206        812.80718994        602.59195912
  31   3   1        276.74661562        542.54694207        775.91869076        572.99238834
  32   3   1        259.78020111        521.05316498        748.09963120        547.09812207
  33   3   1        244.32240363        504.12698466        707.99270843        518.67648335
  34   3   1        230.05213249        483.42895508        664.44892432        491.33260104
  35   3   1         -9.00000000         -9.00000000         -9.00000000         -9.00000000
  36   3   1         -9.00000000         -9.00000000         -9.00000000         -9.00000000
   1   3   2          0.63103094         10.91626949         21.84489910         17.63210570
   2   3   2         12.17393472         31.06254132         54.93394569         37.35004833
   3   3   2         23.07422158         51.44813330         84.14780245         59.18935508
   4   3   2         37.09016414         75.19196462        117.32648177         85.08097378
   5   3   2         55.18640040        101.91023254        155.28239780        115.55070635
   6   3   2         73.95946000        133.49578107        198.73966920        151.82634327
   7   3   2         94.99239678        166.98807967        247.23305672        192.73402252
   8   3   2        121.12273097        207.01995821        302.65857725        238.47440389
   9   3   2        148.88969421        249.95489787        361.77810077        288.70049423
  10   3   2        176.54635157        295.75666399        423.48926992        341.76657269
  11   3   2        207.98400326        344.03492160        490.87255859        397.87205988
  12   3   2        236.27051021        391.84307861        558.41387971        455.04234252
  13   3   2        265.01587643        439.51103970        631.00929823        512.73311170
  14   3   2        291.85888672        486.54986032        697.97537504        567.61873196
  15   3   2        317.29870384        532.32270010        767.26514546        620.25865372
  16   3   2        337.77095600        574.44207669        833.40124194        667.16007444
  17   3   2        352.12109429        613.27525442        892.51346318        708.33668766
  18   3   2        360.88846364        643.21962945        943.45362642        740.94825803
  19   3   2        360.01680206        664.18514364        988.93195902        764.38805509
  20   3   2        356.38503688        676.16314811       1016.67004718        778.22442255
  21   3   2        341.19186401        660.03360462        991.54997511        754.93877386
  22   3   2        326.00708008        642.47151251        965.46688350        731.05900487
  23   3   2        312.34055403        625.64204142        936.38464003        706.36406999
  24   3   2        294.92324994        604.99436404        909.71623786        681.72124886
  25   3   2        276.98167006        584.99036657        881.28907072        656.04663412
  26   3   2        259.36752949        564.20740974        849.25209197        630.24322572
  27   3   2        247.48441640        545.02813721        826.79089620        606.47676410
  28   3   2        233.41968803        524.37605499        796.04608995        580.73259949
  29   3   2        221.64233398        504.67428589        771.90888303        556.78197413
  30   3   2        208.19939850        485.87786198        742.92617976        533.54698008
  31   3   2        190.93269752        466.22744783        720.43702788        511.34705039
  32   3   2        174.19130439        445.73358055        693.05685305        487.28063707
  33   3   2        162.10721140        426.65315653        662.81008579        462.96572253
  34   3   2        147.84935776        405.99053614        625.57369553        435.85997776
  35   3   2         -9.00000000         -9.00000000         -9.00000000         -9.00000000
  36   3   2         -9.00000000         -9.00000000         -9.00000000         -9.00000000
   1   3   3          3.09500728         10.89745782         21.70514034         18.57512968
   2   3   3         11.60276365         30.93306566         54.86609365         37.66912873
   3   3   3         22.59607235         52.68234058         84.40515369         58.98042132
   4   3   3         37.08286667         73.96703329        116.85468850         84.34404689
   5   3   3         54.34735408         99.76244816        153.47207642        113.93774302
   6   3   3         72.62304303        129.22490423        194.20777379        148.30497515
   7   3   3         90.95865920        161.23076098        240.18611145        185.90579875
   8   3   3        114.12668699        196.51609639        288.91512309        228.00816193
   9   3   3        140.14081712        235.85807915        342.27810669        274.02866154
  10   3   3        166.65794311        277.08945710        397.24379563        321.63172209
  11   3   3        194.19455762        319.70067764        455.62274087        372.16559547
  12   3   3        222.38089620        362.94629154        515.00487061        424.41642415
  13   3   3        248.19631958        406.10107957        576.89749183        474.61992709
  14   3   3        270.49905396        448.20668923        637.54753047        523.56602142
  15   3   3        291.84496780        486.61280070        698.50913250        569.84282809
  16   3   3        308.32000732        519.66872737        753.51413137        608.61147432
  17   3   3        319.53631891        547.88962966        801.65625605        640.75856852
  18   3   3        327.78500512        570.42919948        839.56815619        665.79564298
  19   3   3        327.14944970        585.59183449        867.25869018        682.91456248
  20   3   3        323.37830559        591.24562323        890.59039858        691.42661428
  21   3   3        305.27470360        567.23445299        853.32565488        660.22137884
  22   3   3        284.36423044        541.13922144        817.68661526        628.74451042
  23   3   3        264.39074220        515.46692766        783.28636962        596.95873987
  24   3   3        244.33773251        490.68637085        742.06075268        564.37608201
  25   3   3        227.67694780        467.63037109        704.25528593        533.77315074
  26   3   3        204.59539946        443.30159867        670.34899589        500.95170538
  27   3   3        180.74407821        422.54441195        640.03812764        473.83784786
  28   3   3        161.77113579        406.22497513        614.80975342        449.99525975
  29   3   3        148.29089355        387.95073462        586.13319336        425.23701562
  30   3   3        138.99284066        367.85263540        559.24958363        402.61658058
  31   3   3        127.79790444        349.53197840        527.55794029        383.07484520
  32   3   3         98.55368805        332.56711336        505.44702811        357.52211788
  33   3   3         77.67378714        296.35048398        463.52238485        327.79328437
  34   3   3         57.36817407        222.16014570        431.22159728        279.74493133
  35   3   3         -9.00000000         -9.00000000         -9.00000000         -9.00000000
  36   3   3         -9.00000000         -9.00000000         -9.00000000         -9.00000000
