   1   1   1          1.88200897          6.18166395         15.63483643         13.03838685
   2   1   1          4.29636237         15.22546421         34.50785517         26.08954535
   3   1   1          5.65178766         24.05537471         54.69147546         39.68573540
   4   1   1          8.71755738         36.16527025         77.13753044         57.12753436
   5   1   1         10.47931694         47.50246429        104.15737631         75.32431851
   6   1   1         15.48376614         61.42101662        138.79303988         97.62881270
   7   1   1         20.94361381         76.06672971        170.29591427        118.86322912
   8   1   1         29.42344022         96.06217194        207.30348737        143.44689686
   9   1   1         39.26979446        118.61130268        245.84370422        170.07617549
  10   1   1         46.64167357        141.69390605        283.32407982        195.49567013
  11   1   1         55.95049277        164.78305124        317.42820114        219.34619394
  12   1   1         63.16561207        184.97135533        348.31352356        241.01423771
  13   1   1         71.10190304        207.27076721        378.67488326        263.11736707
  14   1   1         79.54152857        229.80571195        407.85654517        283.90206471
  15   1   1         87.24896812        246.84816998        429.25364164        299.41733930
  16   1   1         94.16604609        261.32029908        445.93193393        312.24277390
  17   1   1        101.62421900        272.24035645        458.37849410        322.27661504
  18   1   1        112.79533032        281.16347587        467.00579834        330.04976099
  19   1   1        122.73192875        284.20676025        470.61164638        333.68341095
  20   1   1        125.11967385        281.59158732        466.58606553        331.12299563
  21   1   1        124.12018678        274.15405490        450.15256133        320.89450909
  22   1   1        122.58162937        266.19857730        434.09221667        310.40566258
  23   1   1        121.64987479        258.80595244        418.87181611        300.68238313
  24   1   1        121.33092538        251.75334952        403.95200474        291.00991004
  25   1   1        120.50403341        244.80918112        390.14402642        281.43659881
  26   1   1        121.01268503        239.44867527        377.84961794        273.64600074
  27   1   1        120.29433154        232.49855042        365.84192857        264.63990339
  28   1   1        119.72180304        226.18606476        353.63743403        255.50112156
  29   1   1        116.73772809        220.07491199        343.60327148        247.07942010
  30   1   1        112.10599380        215.88853793        336.24818511        240.84444793
  31   1   1        102.27072985        208.46590793        329.62950677        232.36035490
  32   1   1         93.98101123        202.45517006        322.09267346        224.77306191
  33   1   1         77.70670519        191.67951965        309.80342027        213.89816625
  34   1   1         58.21928787        182.18835449        301.33997604        202.65237518
  35   1   1         -9.00000000         -9.00000000         -9.00000000         -9.00000000
  36   1   1         -9.00000000         -9.00000000         -9.00000000         -9.00000000
   1   1   2          2.26212269          7.29550664         19.05579190         14.17733570
   2   1   2          5.31109858         18.22357559         37.73899038         28.56901902
   3   1   2          8.02380777         28.34277918         60.23517440         43.61582923
   4   1   2         12.36539433         42.18811024         86.47944668         62.48687954
   5   1   2         16.81183994         54.74780121        115.88172380         82.01531588
   6   1   2         24.72395301         71.49942611        150.28209795        105.51655295
   7   1   2         32.58175037         89.16791874        182.14854883        127.09798327
   8   1   2         40.19845280        109.64835760        216.74758466        151.46121064
   9   1   2         52.06284335        133.22723347        253.42338740        177.81234167
  10   1   2         63.24155264        157.30253601        288.20431928        202.94547099
  11   1   2         73.59333013        179.88061779        320.42918486        226.58852049
  12   1   2         84.78530427        200.69550315        349.16236198        247.65298381
  13   1   2         97.44873757        222.53238548        376.64489978        269.12939695
  14   1   2        109.35948968        241.88340647        401.81635072        288.74819192
  15   1   2        118.66449455        255.78880905        420.41847060        302.90110885
  16   1   2        128.01128298        267.80127627        433.90185547        313.93044404
  17   1   2        139.36181641        276.27709481        443.87028666        322.73792250
  18   1   2        146.30473904        281.63898850        450.59263542        328.35111810
  19   1   2        148.88359823        282.73052304        451.83459325        329.68579709
  20   1   2        145.97715560        278.19622803        447.16958618        325.85576156
  21   1   2        143.56469220        268.69102117        430.03126819        314.33756038
  22   1   2        140.52996529        260.98377539        414.24290425        303.49116821
  23   1   2        136.80984370        253.91175605        398.42769339        292.06666074
  24   1   2        134.14994082        247.04671215        383.35941958        281.37446684
  25   1   2        130.56210333        239.27758190        369.75497223        271.61923586
  26   1   2        127.28619507        232.64766928        359.10742846        262.86314323
  27   1   2        123.42416656        225.30937274        347.31970375        253.47543718
  28   1   2        120.89197581        218.96547778        337.95967738        245.60861726
  29   1   2        115.09480286        212.13124288        325.61355330        236.55493326
  30   1   2        103.85868084        202.06080357        315.26595209        224.95116868
  31   1   2         94.67131923        194.39681625        306.56736349        216.59943456
  32   1   2         85.94672642        185.90060743        303.83979483        207.94591665
  33   1   2         70.31698318        166.67867293        295.21942139        197.44020465
  34   1   2         60.96166377        153.05788791        274.43418167        183.62134458
  35   1   2         -9.00000000         -9.00000000         -9.00000000         -9.00000000
  36   1   2         -9.00000000         -9.00000000         -9.00000000         -9.00000000
   1   2   1          1.26672422          6.07440848         15.02026867         11.03558823
   2   2   1          4.54717684         13.63391915         30.44559430         22.10358030
   3   2   1          8.24201266         24.28198865         48.49985840         36.15669804
   4   2   1         16.30600847         39.98324966         74.51660172         56.21971905
   5   2   1         24.65537937         55.83802157        104.66081373         78.26567251
   6   2   1         36.38978666         77.48256652        142.99002986        106.55025632
   7   2   1         47.26988216         98.87643070        180.69563656        134.00686158
   8   2   1         61.67833328        126.53356279        225.35276804        167.35917343
   9   2   1         77.73564944        158.24133301        274.06304522        203.87366130
  10   2   1         95.27792676        188.14764867        321.54747787        239.23511617
  11   2   1        112.23910471        216.99936399        366.28988604        273.00918262
  12   2   1        127.05426164        245.54728077        410.02747720        305.32692013
  13   2   1        143.04224654        274.61441109        453.34655530        338.63409700
  14   2   1        158.91985001        300.85220144        492.82809694        369.84305461
  15   2   1        172.73562622        322.18673077        526.09375701        394.97828766
  16   2   1        186.42459106        341.31842309        554.73443604        417.13695514
  17   2   1        196.64556712        357.59706257        579.66125809        436.51458141
  18   2   1        205.69224960        370.42496703        599.95403372        453.18587095
  19   2   1        210.87706078        380.02378284        616.30458489        466.93589654
  20   2   1        211.96530728        382.82966923        624.00501271        473.27985986
  21   2   1        210.43985282        374.24651461        603.56648039        459.68511805
  22   2   1        208.75706523        365.58051954        584.33208666        446.18570379
  23   2   1        208.22932765        359.16408066        566.27070858        434.10486254
  24   2   1        206.39013249        351.90093061        550.02219184        422.50957532
  25   2   1        205.39324973        345.36858922        534.30569607        411.26182991
  26   2   1        204.44987925        339.79786588        518.88854000        400.36365407
  27   2   1        202.44151013        334.33081650        503.81269962        389.58857807
  28   2   1        200.01460318        327.41418927        490.10564638        378.73731112
  29   2   1        197.96375335        322.49241051        477.15126163        368.56762663
  30   2   1        195.27163696        316.98193931        464.56364908        358.28234520
  31   2   1        189.76564988        311.00101692        453.34155452        347.49182953
  32   2   1        181.40429410        302.35259284        440.56625843        334.75402457
  33   2   1        173.66156294        296.90398390        434.79625390        325.68457905
  34   2   1        161.52768397        289.59082031        423.49768066        314.27362784
  35   2   1         -9.00000000         -9.00000000         -9.00000000         -9.00000000
  36   2   1         -9.00000000         -9.00000000         -9.00000000         -9.00000000
   1   2   2          1.71452273          6.90131433         16.57326685         11.95727378
   2   2   2          5.38827711         15.94967693         33.58293159         24.28404067
   3   2   2         10.36118669         27.95146431         53.87760790         39.74817390
   4   2   2         20.58961241         45.43002219         82.00876945         61.51897224
   5   2   2         30.81498614         63.45513941        114.46577579         85.26808899
   6   2   2         44.82944878         88.17183451        154.44539157        115.36562846
   7   2   2         57.41355657        111.34846828        193.47399519        144.02831394
   8   2   2         73.05381192        140.08454895        237.89178941        177.85226233
   9   2   2         91.77361178        171.50555833        286.02690542        214.77066042
  10   2   2        110.40766967        202.25410148        331.89975537        250.35768264
  11   2   2        127.50689697        230.89451238        375.35268124        283.34244873
  12   2   2        143.08943484        257.45334773        415.97793579        314.57251970
  13   2   2        159.44672483        284.97568792        457.44885336        345.98434646
  14   2   2        174.92975826        309.12683732        494.47593098        374.75282985
  15   2   2        188.67548183        329.38404131        522.92004395        397.52040504
  16   2   2        199.52687984        345.92479577        546.15457051        417.29203644
  17   2   2        208.54518568        358.59627151        566.12440713        433.89044383
  18   2   2        215.11982654        368.74492165        583.62082102        447.62664183
  19   2   2        219.21473694        375.24605639        596.49866561        457.83070810
  20   2   2        218.33088796        375.45027950        600.88251538        461.41867772
  21   2   2        215.93985693        365.29866402        577.82229878        446.57483807
  22   2   2        212.91355771        356.99218098        556.77471660        431.73483921
  23   2   2        210.17340768        347.53422041        537.41285309        417.28227178
  24   2   2        207.03246677        338.95779413        518.67754733        404.04362907
  25   2   2        204.95806444        332.48709106        502.66007394        392.05693981
  26   2   2        202.32783544        325.01863161        487.74225343        380.15311895
  27   2   2        196.82657678        317.40208565        471.60104802        367.64120258
  28   2   2        194.95230103        312.61788965        461.42784821        358.32042386
  29   2   2        190.56590262        304.77220145        449.11569214        345.68520691
  30   2   2        184.48311719        299.23744003        435.01855073        333.11811779
  31   2   2        176.18545330        294.37503052        426.07544535        322.03374998
  32   2   2        170.68257115        295.91915530        420.40078872        316.60632629
  33   2   2        159.95453404        286.81775869        408.44936096        300.64096402
  34   2   2        141.86555093        267.30783885        398.73957939        283.97452982
  35   2   2         -9.00000000         -9.00000000         -9.00000000         -9.00000000
  36   2   2         -9.00000000         -9.00000000         -9.00000000         -9.00000000
   1   3   1          0.01159481          2.96250677          6.73849189          5.67893309
   2   3   1          2.20043635          6.44200325         15.78609889         11.67136129
   3   3   1          3.50463333         12.77631197         29.05757904         21.63262264
   4   3   1          8.33960851         24.34617674         51.22872913         39.34818605
   5   3   1         15.37537797         40.14662276         79.43170166         61.62196673
   6   3   1         26.62529106         61.71999956        120.28614620         93.32531052
   7   3   1         36.58734036         83.46835809        161.13196886        124.10965933
   8   3   1         48.78717896        110.13855907        208.72172303        160.67465711
   9   3   1         63.63866033        140.18640103        261.12674706        201.30795781
  10   3   1         76.96119048        169.20258093        312.44577781        240.31516559
  11   3   1         93.36360273        201.88798523        369.77259454        285.06713075
  12   3   1        110.85079294        234.65679467        431.06122861        331.61497491
  13   3   1        127.19528961        268.19683414        494.79829198        380.45352967
  14   3   1        144.67607655        303.00613321        560.84271119        431.20763702
  15   3   1        158.87067298        333.11310847        622.03507713        477.14926321
  16   3   1        173.19181581        363.14230701        680.82132101        521.83852431
  17   3   1        185.56139615        389.04669463        734.32616956        562.85282742
  18   3   1        196.70668030        412.78781551        785.08371105        602.35478287
  19   3   1        206.82981837        436.67353578        835.58590235        643.30712883
  20   3   1        213.19570802        453.42103687        878.03861654        676.56940223
  21   3   1        212.21723498        443.11526595        848.02478023        655.06080639
  22   3   1        212.58212744        433.50160090        818.92598741        633.48937577
  23   3   1        212.51724809        424.80530310        791.13336744        612.76032297
  24   3   1        212.77003016        416.39980137        765.53890997        593.50678734
  25   3   1        212.74069836        408.58169897        738.54842279        572.98189178
  26   3   1        212.93357849        400.27526573        712.00445430        553.20509426
  27   3   1        211.68347038        392.15656769        687.57507218        534.80140223
  28   3   1        210.99130364        383.98278809        660.72308239        515.97278029
  29   3   1        211.19499150        376.22115926        637.21838007        497.49899820
  30   3   1        209.04253506        369.36278613        614.36710348        480.11247051
  31   3   1        204.91461406        361.10890642        591.33581543        462.75900796
  32   3   1        196.57198813        349.98273529        567.23867414        444.28884319
  33   3   1        186.25659726        339.21316407        543.30694219        424.69174577
  34   3   1        171.67832352        328.12864957        516.53344118        403.39790399
  35   3   1         -9.00000000         -9.00000000         -9.00000000         -9.00000000
  36   3   1         -9.00000000         -9.00000000         -9.00000000         -9.00000000
   1   3   2          0.01241193          3.17128322          7.21337294          6.00347422
   2   3   2          2.34550888          6.75998782         17.34783051         12.56654318
   3   3   2          4.37884449         14.73828868         31.85230465         23.63980817
   4   3   2         11.12337999         28.65773521         56.88445127         43.24094107
   5   3   2         20.93385786         47.22060934         86.91180389         67.82751460
   6   3   2         35.34377274         71.91499530        131.13254039        102.21519453
   7   3   2         48.74561899         95.86469101        173.61722470        134.98644176
   8   3   2         64.81210913        124.67399308        222.06353383        173.29012825
   9   3   2         82.56037943        156.26038653        275.39966049        215.43109715
  10   3   2         99.76661173        185.89252593        326.28588461        256.05830488
  11   3   2        119.01676022        218.85761253        383.24221449        301.56313722
  12   3   2        136.77995505        251.52116247        440.74910236        347.90271519
  13   3   2        154.25209507        285.26175916        500.96713313        395.13806999
  14   3   2        171.45088085        318.66045777        562.65089398        443.76385366
  15   3   2        186.49356742        348.02384834        619.08457090        487.48582908
  16   3   2        199.75080624        375.13494485        672.67547385        529.21373684
  17   3   2        210.85302191        397.97120857        719.47978557        566.30648030
  18   3   2        219.98051140        418.65424808        764.35109009        601.37424289
  19   3   2        227.43202711        438.06704392        806.74771023        635.21668979
  20   3   2        230.84058999        449.56814121        836.48427603        661.49153118
  21   3   2        228.06931647        436.32111912        799.63833093        635.32658124
  22   3   2        225.92597620        424.59621645        767.27794012        611.71850069
  23   3   2        223.13240744        411.68286884        736.11822750        587.25561694
  24   3   2        220.55281561        399.48728943        710.27603727        565.63163429
  25   3   2        218.85911560        388.96020658        684.05950928        544.26123761
  26   3   2        215.88327054        377.83079642        656.85604946        523.34320780
  27   3   2        211.62984612        365.92726548        629.73855609        502.67731454
  28   3   2        208.10209737        356.29608917        604.16093357        481.23164818
  29   3   2        203.18792011        345.34628296        577.02251748        461.56678140
  30   3   2        196.08085630        333.37927246        550.67992431        441.01501547
  31   3   2        186.58740586        324.47369385        533.93238931        419.02465584
  32   3   2        179.10166528        318.94729614        511.59479853        401.99257730
  33   3   2        166.35517262        304.03927950        495.13878110        375.93815235
  34   3   2        150.80767054        290.12385516        463.67872929        354.52819636
  35   3   2         -9.00000000         -9.00000000         -9.00000000         -9.00000000
  36   3   2         -9.00000000         -9.00000000         -9.00000000         -9.00000000
