df_l   1 e_l   1 y_l   1             0.15532             7.64088             0.04081             0.06395
df_l   1 e_l   1 y_l   2             0.32860             7.62093             0.01436             0.05741
df_l   1 e_l   1 y_l   3             0.00000             7.59300             0.07294             0.04937
df_l   1 e_l   2 y_l   1            -0.05063             7.77018             0.24989             0.12863
df_l   1 e_l   2 y_l   2             0.14451             7.74712             0.07683             0.11356
df_l   1 e_l   2 y_l   3            -0.11416             7.72564             0.27691             0.10111
df_l   1 e_l   3 y_l   1             0.15762             7.83412             0.11455             0.18174
df_l   1 e_l   3 y_l   2             0.23615             7.79144             0.05949             0.14430
df_l   1 e_l   3 y_l   3             0.17012             7.81047             0.09422             0.15993
df_l   2 e_l   1 y_l   1             0.72348            21.70735             0.03682             0.09022
df_l   2 e_l   1 y_l   2             1.12853            21.04688             0.00742             0.03343
df_l   2 e_l   1 y_l   3             0.00000            20.24087             0.01205             0.00996
df_l   2 e_l   2 y_l   1            -0.31720            22.13332             0.33376             0.17115
df_l   2 e_l   2 y_l   2             0.55151            21.72363             0.04886             0.09246
df_l   2 e_l   2 y_l   3            -0.43811            20.83000             0.05644             0.02413
df_l   2 e_l   3 y_l   1             0.00765            22.69200             0.47432             0.39633
df_l   2 e_l   3 y_l   2             1.29427            22.01916             0.02495             0.14416
df_l   2 e_l   3 y_l   3             1.42982            21.13490             0.00539             0.03816
