df_l   1 e_l   1 y_l   1             5.04709            39.71029             0.04708             0.04742
df_l   1 e_l   1 y_l   2             0.00000            33.93061             0.04192             0.03500
df_l   1 e_l   2 y_l   1             9.13615            48.64456             0.35082             0.35335
df_l   1 e_l   2 y_l   2             4.08907            41.75100             0.16318             0.16436
df_l   1 e_l   3 y_l   1            23.90477            63.39905             0.34877             0.35129
df_l   1 e_l   3 y_l   2            18.85768            53.57912             0.04823             0.04858
df_l   2 e_l   1 y_l   1             0.00000             0.00000             0.00000             0.00000
df_l   2 e_l   1 y_l   2             0.00000             0.00000             0.00000             0.00000
df_l   2 e_l   2 y_l   1             0.00000             0.00000             0.00000             0.00000
df_l   2 e_l   2 y_l   2             0.00000             0.00000             0.00000             0.00000
df_l   2 e_l   3 y_l   1             0.00000             0.00000             0.00000             0.00000
df_l   2 e_l   3 y_l   2             0.00000             0.00000             0.00000             0.00000
