   1   1         -9.00000000         -9.00000000         -9.00000000         -9.00000000
   2   1          6.03795657         -9.00000000         -9.00000000         -9.00000000
   3   1          6.26413781          1.32074622         -9.00000000         -9.00000000
   4   1          9.67078492          3.02222679         -9.00000000         -9.00000000
   5   1         10.82518284          2.73585611         -9.00000000         -9.00000000
   6   1         14.92879963          5.22701199         -9.00000000         -9.00000000
   7   1         14.74804170          4.50074530         -9.00000000         -9.00000000
   8   1         17.93929980          6.92851576         -9.00000000         -9.00000000
   9   1         21.34813230          9.26748802         -9.00000000         -9.00000000
  10   1         21.48642352          9.59388676         -9.00000000         -9.00000000
  11   1         21.05748892          9.37840462         -9.00000000         -9.00000000
  12   1         19.36600816          5.96564715         -9.00000000         -9.00000000
  13   1         19.35833491          7.00052942         -9.00000000         -9.00000000
  14   1         17.34846970          6.04016930         -9.19376560        -14.51482800
  15   1         12.57372011          3.01567586         -9.00000000         -9.00000000
  16   1         10.26069841          0.14630004        -10.49128200         -5.20245310
  17   1          7.31060835          0.00000000         -9.00000000         -9.00000000
  18   1          3.86929594          0.00000000        -14.86956200        -14.71378100
  19   1          0.00000000         -1.63509510         -9.00000000         -9.00000000
  20   1         -2.16998257        -10.19478675        -21.59831200        -23.36715700
  21   1         -7.78011743         -8.76614455         -9.00000000         -9.00000000
  22   1         -7.24125811         -8.40486018        -12.91225000        -19.50645300
  23   1         -7.12134478         -7.54799447         -9.00000000         -9.00000000
  24   1         -6.70842800         -7.86545723        -14.41218800         -2.49025010
  25   1         -6.40528408         -7.48350150         -9.00000000         -9.00000000
  26   1         -5.98757881         -7.15411134        -17.15910900        -16.57300000
  27   1         -5.60166797         -5.78702279         -9.00000000         -9.00000000
  28   1         -5.19018039         -5.67182302        -18.56012500        -20.65456200
  29   1         -4.89797020         -5.21532101         -9.00000000         -9.00000000
  30   1         -4.62339446         -4.64609117        -20.78126500        -31.39056200
  31   1         -4.07249320         -4.60517802         -9.00000000         -9.00000000
  32   1         -3.49809886         -4.26504282        -10.92553100        -23.16068800
  33   1         -3.14444338         -4.04313271         -9.00000000         -9.00000000
  34   1         -3.83251263         -4.23670663         -9.00000000         -9.00000000
  35   1         -9.00000000         -9.00000000         -9.00000000         -9.00000000
  36   1         -9.00000000         -9.00000000         -9.00000000         -9.00000000
   1   2         -9.00000000         -9.00000000         -9.00000000         -9.00000000
   2   2          5.53392292         -9.00000000         -9.00000000         -9.00000000
   3   2          7.78055933          5.34075450         -9.00000000         -9.00000000
   4   2         12.61669572          9.59388533         -9.00000000         -9.00000000
   5   2         14.01409034         10.60773084         -9.00000000         -9.00000000
   6   2         18.30419673         15.12476281         -9.00000000         -9.00000000
   7   2         17.55099293         13.71780534         -9.00000000         -9.00000000
   8   2         21.38203895         17.37171417         -9.00000000         -9.00000000
   9   2         24.14680246         19.61029401         -9.00000000         -9.00000000
  10   2         23.45517772         19.47004375         -9.00000000         -9.00000000
  11   2         22.71902583         18.01979065         -9.00000000         -9.00000000
  12   2         22.72579596         16.42614174         -9.00000000         -9.00000000
  13   2         23.63365511         15.99947547         -9.00000000         -9.00000000
  14   2         22.14973452         13.45592531         -4.00059370        -15.67806200
  15   2         17.27669072          9.12726461         -9.00000000         -9.00000000
  16   2         14.57238197          5.79419422          0.68021876         -8.69984340
  17   2         12.10840134          2.50659919         -9.00000000         -9.00000000
  18   2          9.45079459          0.00000000         -4.34418770         -9.40056230
  19   2          5.86674984         -0.81599820         -9.00000000         -9.00000000
  20   2          0.00000000        -10.99059808         -4.69515610        -14.42396800
  21   2         -8.61215744        -12.24023669         -9.00000000         -9.00000000
  22   2         -8.44841231        -10.89193719        -10.88075000        -16.34643700
  23   2         -8.21057977         -9.88692065         -9.00000000         -9.00000000
  24   2         -7.87911266         -9.45473862        -11.82237500         -1.51587500
  25   2         -7.44924670         -8.65042136         -9.00000000         -9.00000000
  26   2         -7.13016121         -8.03546442        -18.57190700        -17.37146900
  27   2         -6.64715602         -7.39026527         -9.00000000         -9.00000000
  28   2         -6.19070844         -6.80949783        -20.33584400        -23.39812500
  29   2         -5.73616219         -6.28887420         -9.00000000         -9.00000000
  30   2         -5.40591139         -5.77222628        -15.83346800        -31.84079700
  31   2         -5.07772554         -5.47010929         -9.00000000         -9.00000000
  32   2         -4.76027415         -5.62036105        -28.32099900        -29.93906200
  33   2         -4.51819229         -4.95780162         -9.00000000         -9.00000000
  34   2         -4.49295475         -4.73734111         -9.00000000         -9.00000000
  35   2         -9.00000000         -9.00000000         -9.00000000         -9.00000000
  36   2         -9.00000000         -9.00000000         -9.00000000         -9.00000000
   1   3         -9.00000000         -9.00000000         -9.00000000         -9.00000000
   2   3          2.37494051         -9.00000000         -9.00000000         -9.00000000
   3   3          3.56740086          3.42348764         -9.00000000         -9.00000000
   4   3          9.13114758          8.44295569         -9.00000000         -9.00000000
   5   3         11.79877693         11.74972081         -9.00000000         -9.00000000
   6   3         16.99940938         17.06495193         -9.00000000         -9.00000000
   7   3         15.60490345         15.97975639         -9.00000000         -9.00000000
   8   3         18.35573555         17.86072232         -9.00000000         -9.00000000
   9   3         20.42661776         20.21698150         -9.00000000         -9.00000000
  10   3         19.27780332         19.04419841         -9.00000000         -9.00000000
  11   3         22.21781706         21.97991544         -9.00000000         -9.00000000
  12   3         23.07753955         21.74002676         -9.00000000         -9.00000000
  13   3         23.94301345         21.84091157         -9.00000000         -9.00000000
  14   3         24.67661357         21.97114670         17.42076500         -2.31607820
  15   3         21.05988880         17.96741867         -9.00000000         -9.00000000
  16   3         19.67645938         13.77079443         20.61203200         -6.13846870
  17   3         17.20512942         10.16957448         -9.00000000         -9.00000000
  18   3         15.38817881          3.23693353         32.22132900         -6.64715620
  19   3         14.03265760          0.00000000         -9.00000000         -9.00000000
  20   3          5.32105149        -13.97510595         18.47754700         -0.01518750
  21   3        -10.91334665        -16.84674850         -9.00000000         -9.00000000
  22   3        -10.75715446        -14.27529907          6.78967190         -2.59675000
  23   3        -10.50834709        -13.09473989         -9.00000000         -9.00000000
  24   3        -10.21558102        -12.26881029        -10.86618700        -11.67212500
  25   3         -9.80345533        -11.67114449         -9.00000000         -9.00000000
  26   3         -9.48716445        -11.24462422        -14.53637500        -13.41592200
  27   3         -9.08115746        -11.04841359         -9.00000000         -9.00000000
  28   3         -8.77448368        -10.58307468        -15.34431300        -42.05720100
  29   3         -8.46426211        -10.09337123         -9.00000000         -9.00000000
  30   3         -8.08023679         -9.15791705        -27.71740500         -9.68192200
  31   3         -7.55997753         -9.22590317         -9.00000000         -9.00000000
  32   3         -7.27759244         -9.86497273        -41.82187700        -19.51046900
  33   3         -7.59096496         -8.62988319         -9.00000000         -9.00000000
  34   3         -8.22615069         -8.30624707         -9.00000000         -9.00000000
  35   3         -9.00000000         -9.00000000         -9.00000000         -9.00000000
  36   3         -9.00000000         -9.00000000         -9.00000000         -9.00000000
