   1   1         -9.00000000         -9.00000000         -9.00000000         -9.00000000
   2   1          8.15664985          3.69048314         -9.00000000         -9.00000000
   3   1          6.82191229          2.00590479         -9.00000000         -9.00000000
   4   1          6.58209658          1.11105141         -9.00000000         -9.00000000
   5   1          7.25203690          0.49989505         -9.00000000         -9.00000000
   6   1          7.46207392          0.87159885         -9.00000000         -9.00000000
   7   1          8.32694755          0.86365209         -9.00000000         -9.00000000
   8   1          9.37696326          1.38259260         -9.00000000         -9.00000000
   9   1         10.63961929          2.19857942         -9.00000000         -9.00000000
  10   1         11.73799869          3.72296883         -9.00000000         -9.00000000
  11   1         13.06178781          5.02479731         -9.00000000         -9.00000000
  12   1         12.18434349          3.63391872         -9.00000000         -9.00000000
  13   1         12.44556194          3.79395952         -9.00000000         -9.00000000
  14   1         12.76571524          3.69635448         -9.19376560        -14.51482800
  15   1         12.41817181          3.76645747         -9.00000000         -9.00000000
  16   1         11.66139957          2.81142465        -10.49128200         -5.20245310
  17   1         10.15314281          1.64776364         -9.00000000         -9.00000000
  18   1          7.49644268          0.00000000        -14.86956200        -14.71378100
  19   1          3.02870655          0.00000000         -9.00000000         -9.00000000
  20   1          0.00000000         -1.47449532        -21.59831200        -23.36715700
  21   1         -4.28123211         -4.90190895         -9.00000000         -9.00000000
  22   1         -3.41575998         -4.00606011        -12.91225000        -19.50645300
  23   1         -2.93624306         -3.56499089         -9.00000000         -9.00000000
  24   1         -1.87970043         -2.53389978        -14.41218800         -2.49025010
  25   1         -1.16105959         -1.56623693         -9.00000000         -9.00000000
  26   1         -0.21002086         -0.75385165        -17.15910900        -16.57300000
  27   1          0.96047169          0.67178366         -9.00000000         -9.00000000
  28   1          1.75577545          1.51802276        -18.56012500        -20.65456200
  29   1          2.46358162          2.01564060         -9.00000000         -9.00000000
  30   1          2.91400734          2.70879841        -20.78126500        -31.39056200
  31   1          2.89116120          2.73420031         -9.00000000         -9.00000000
  32   1          3.34449235          2.87852526        -10.92553100        -23.16068800
  33   1          3.77724674          3.03409993         -9.00000000         -9.00000000
  34   1          3.91311771          3.55129488         -9.00000000         -9.00000000
  35   1         -9.00000000         -9.00000000         -9.00000000         -9.00000000
  36   1         -9.00000000         -9.00000000         -9.00000000         -9.00000000
   1   2         -9.00000000         -9.00000000         -9.00000000         -9.00000000
   2   2          8.22391260          6.14948177         -9.00000000         -9.00000000
   3   2          7.61730119          5.73282795         -9.00000000         -9.00000000
   4   2          8.81871484          5.19364711         -9.00000000         -9.00000000
   5   2          9.70702505          6.57374297         -9.00000000         -9.00000000
   6   2         10.92874113          7.16002849         -9.00000000         -9.00000000
   7   2         12.28458405          7.70010114         -9.00000000         -9.00000000
   8   2         13.99447338          9.06369592         -9.00000000         -9.00000000
   9   2         15.75962377          9.60569379         -9.00000000         -9.00000000
  10   2         17.50321166         10.72667524         -9.00000000         -9.00000000
  11   2         19.45659447         12.12518038         -9.00000000         -9.00000000
  12   2         17.97242477         10.17507618         -9.00000000         -9.00000000
  13   2         18.06751503         10.51928542         -9.00000000         -9.00000000
  14   2         18.26861250         10.01935863         -4.00059370        -15.67806200
  15   2         17.50196457          9.22541264         -9.00000000         -9.00000000
  16   2         17.00053215          7.20583098          0.68021876         -8.69984340
  17   2         15.95196880          5.07093384         -9.00000000         -9.00000000
  18   2         13.29989953          1.23498047         -4.34418770         -9.40056230
  19   2          9.67144794          0.00000000         -9.00000000         -9.00000000
  20   2          3.53035317         -4.97687642         -4.69515610        -14.42396800
  21   2         -5.18277838         -8.88832916         -9.00000000         -9.00000000
  22   2         -4.26891834         -6.91788146        -10.88075000        -16.34643700
  23   2         -3.07126856         -5.39515413         -9.00000000         -9.00000000
  24   2         -1.81736166         -3.53483027        -11.82237500         -1.51587500
  25   2         -0.47416070         -1.94602597         -9.00000000         -9.00000000
  26   2          0.83245483         -0.23666272        -18.57190700        -17.37146900
  27   2          2.45204707          1.66489890         -9.00000000         -9.00000000
  28   2          4.04818468          2.72637215        -20.33584400        -23.39812500
  29   2          5.42107395          4.39456673         -9.00000000         -9.00000000
  30   2          6.89161741          5.97562574        -15.83346800        -31.84079700
  31   2          8.25214005          5.69243429         -9.00000000         -9.00000000
  32   2          9.24763605          6.12448012        -28.32099900        -29.93906200
  33   2          9.87657833          7.02887778         -9.00000000         -9.00000000
  34   2          6.78259386          8.65232896         -9.00000000         -9.00000000
  35   2         -9.00000000         -9.00000000         -9.00000000         -9.00000000
  36   2         -9.00000000         -9.00000000         -9.00000000         -9.00000000
   1   3         -9.00000000         -9.00000000         -9.00000000         -9.00000000
   2   3          7.51229191          6.04918238         -9.00000000         -9.00000000
   3   3          9.14109289          6.95281034         -9.00000000         -9.00000000
   4   3         11.45859651          8.25764948         -9.00000000         -9.00000000
   5   3         15.20094505         11.22487996         -9.00000000         -9.00000000
   6   3         20.19787496         14.61703694         -9.00000000         -9.00000000
   7   3         25.54789560         19.08803940         -9.00000000         -9.00000000
   8   3         29.83588327         23.53726804         -9.00000000         -9.00000000
   9   3         32.34017749         26.91691739         -9.00000000         -9.00000000
  10   3         34.46129236         28.58206367         -9.00000000         -9.00000000
  11   3         36.01766466         30.58146748         -9.00000000         -9.00000000
  12   3         35.42498177         29.50179388         -9.00000000         -9.00000000
  13   3         35.70875085         30.65872977         -9.00000000         -9.00000000
  14   3         35.86742783         29.08799935         17.42076500         -2.31607820
  15   3         35.13348389         24.35871696         -9.00000000         -9.00000000
  16   3         33.81549983         21.67616224         20.61203200         -6.13846870
  17   3         31.82585546         19.83343640         -9.00000000         -9.00000000
  18   3         27.97779465         11.19128870         32.22132900         -6.64715620
  19   3         22.76364992          0.00000000         -9.00000000         -9.00000000
  20   3         12.32764696        -15.74704134         18.47754700         -0.01518750
  21   3         -8.90527102        -16.95010959         -9.00000000         -9.00000000
  22   3         -8.19619346        -13.82950708          6.78967190         -2.59675000
  23   3         -7.33540504        -12.36955414         -9.00000000         -9.00000000
  24   3         -6.01281055        -10.19833936        -10.86618700        -11.67212500
  25   3         -4.54772099         -7.91615729         -9.00000000         -9.00000000
  26   3         -3.05165796         -6.67783170        -14.53637500        -13.41592200
  27   3         -1.13240258         -4.62324376         -9.00000000         -9.00000000
  28   3          0.73970315         -2.37225671        -15.34431300        -42.05720100
  29   3          2.78385773          0.04964840         -9.00000000         -9.00000000
  30   3          4.72066901          2.53031384        -27.71740500         -9.68192200
  31   3          6.40413093          3.64021462         -9.00000000         -9.00000000
  32   3          7.85070606          4.81092039        -41.82187700        -19.51046900
  33   3          8.43908600          5.96503047         -9.00000000         -9.00000000
  34   3          8.66937265          7.71340847         -9.00000000         -9.00000000
  35   3         -9.00000000         -9.00000000         -9.00000000         -9.00000000
  36   3         -9.00000000         -9.00000000         -9.00000000         -9.00000000
