   1   1         -9.00000000         -9.00000000
********
   2   1         15.13493443         10.80964721
********
   3   1         13.79123282          8.88202196
********
   4   1         12.84900923          6.85798140
********
   5   1         11.80006369          5.72878930
********
   6   1         11.61300752          5.61945239
********
   7   1         12.18279559          3.65959856
********
   8   1         12.61145031          2.88588720
********
   9   1         12.94835565          3.81080691
********
  10   1         13.49504416          3.35597911
********
  11   1         13.39710931          4.41307417
********
  12   1         13.99318384          4.32385359
********
  13   1         13.17589231          4.62840313
********
  14   1         12.93766027          4.19260522
********
  15   1         12.12095200          3.39120656
********
  16   1          9.98934912          0.62240308
********
  17   1          7.55736351          0.00000000
********
  18   1          3.19887247         -2.68598970
********
  19   1         -0.03377630         -8.47218041
********
  20   1         -9.86656530        -14.95390326
********
  21   1        -14.78746099        -15.37376895
********
  22   1        -14.06710527        -15.02765849
********
  23   1        -13.95080900        -14.55335620
********
  24   1        -13.11211688        -13.71797338
********
  25   1        -12.92080702        -12.95566075
********
  26   1        -11.63804337        -12.15922465
********
  27   1        -10.48166996        -11.16793448
********
  28   1        -10.04605490        -10.29757644
********
  29   1         -8.68577965         -9.05835246
********
  30   1         -7.83260951         -8.08938354
********
  31   1         -6.17022008         -7.67501475
********
  32   1         -5.61117328         -4.93774381
********
  33   1         -4.73400635         -5.19645402
********
  34   1         -5.54925622         -3.38612622
********
  35   1         -9.00000000         -9.00000000
********
  36   1         -9.00000000         -9.00000000
********
   1   2         -9.00000000         -9.00000000
********
   2   2         16.60105101         14.08882952
********
   3   2         15.57492531         13.60840979
********
   4   2         14.89791513         12.01324929
********
   5   2         14.39370314         11.93157122
********
   6   2         14.37387662         10.50252837
********
   7   2         14.63241959         11.13314005
********
   8   2         15.18495464         10.18717459
********
   9   2         15.85097630         10.09344441
********
  10   2         16.33490878         10.86373580
********
  11   2         16.96010451         12.00255245
********
  12   2         18.21657562         11.89534765
********
  13   2         17.34087408         11.27143271
********
  14   2         17.39724922         10.20133686
********
  15   2         16.85945363          8.60704466
********
  16   2         14.22541534          4.78636372
********
  17   2         12.10377542          1.53601455
********
  18   2          8.37276073         -2.02586102
********
  19   2          3.48782345         -6.79794540
********
  20   2         -2.27398270        -14.92081738
********
  21   2        -15.74183872        -19.10842095
********
  22   2        -15.23078894        -17.42262039
********
  23   2        -14.97697808        -16.53024563
********
  24   2        -14.11805529        -15.55197016
********
  25   2        -13.27054995        -14.63968776
********
  26   2        -12.10151902        -13.11140151
********
  27   2        -11.16599673        -12.24369152
********
  28   2        -10.32168668        -11.90805308
********
  29   2         -9.73486314         -9.79677024
********
  30   2         -9.35244030         -8.99063057
********
  31   2         -8.24884307         -8.61500711
********
  32   2         -6.81206751         -6.19490949
********
  33   2         -6.34177238         -7.46728887
********
  34   2         -6.13926005         -6.26860944
********
  35   2         -9.00000000         -9.00000000
********
  36   2         -9.00000000         -9.00000000
********
   1   3         -9.00000000         -9.00000000
********
   2   3         17.44215448         17.09812834
********
   3   3         17.85951042         15.14582950
********
   4   3         18.54803716         13.28808700
********
   5   3         19.39494928         17.66143258
********
   6   3         20.70440666         18.27281143
********
   7   3         22.03890702         19.83072318
********
   8   3         23.29433936         22.48358397
********
   9   3         24.29490719         22.53558386
********
  10   3         25.18519201         24.84695479
********
  11   3         26.01944732         23.15978296
********
  12   3         27.68412682         24.06719533
********
  13   3         27.02522845         25.54254723
********
  14   3         27.19881413         22.74531913
********
  15   3         26.02180861         19.55837841
********
  16   3         22.43611408         13.10954556
********
  17   3         20.77726099         14.40766310
********
  18   3         15.25332498          1.63461010
********
  19   3         11.58320193         -8.68991661
********
  20   3          1.31389301        -25.47923526
********
  21   3        -25.34150833        -31.02634850
********
  22   3        -24.85961197        -29.26284790
********
  23   3        -24.65745638        -26.45663452
********
  24   3        -23.33068151        -26.95880948
********
  25   3        -22.82906714        -24.91309099
********
  26   3        -21.55920424        -23.17432022
********
  27   3        -20.22801399        -22.77741139
********
  28   3        -19.82112605        -20.70255224
********
  29   3        -18.93709260        -21.61407146
********
  30   3        -18.59278541        -21.35637223
********
  31   3        -17.63998182        -19.96763784
********
  32   3        -16.26031338        -18.17268177
********
  33   3        -16.20259308        -20.46296153
********
  34   3        -16.47061449        -17.26383591
********
  35   3         -9.00000000         -9.00000000
********
  36   3         -9.00000000         -9.00000000
********
