   27.06  1  1
   10.06  2  1
    8.40  1  1
  -13.87  1  2
    9.97  2  1
   -0.61  1  1
   -0.85  1  1
   -0.76  2  1
    5.45  2  1
    6.17  2  1
  -18.03  1  2
   -0.20  2  1
  -10.38  2  2
    1.57  1  1
    7.91  1  1
  -15.01  2  2
    9.19  2  1
   11.59  2  1
    4.63  2  1
   -8.43  1  2
  -19.59  2  2
    2.64  1  1
   11.84  1  1
    5.08  2  1
    9.00  2  1
   10.48  1  1
  -11.18  2  2
   12.70  2  1
   -8.52  2  2
    7.42  1  1
    4.75  2  1
    1.83  1  1
   12.05  2  1
   -9.48  1  2
