 1  19.042  26.634  28.019
 2  22.394  30.394  34.000
 3  25.485  34.151  39.897
 4  28.136  37.384  44.949
 5  30.316  40.292  49.789
 6  33.257  42.747  53.661
 7  35.023  44.804  57.181
 8  36.721  46.427  60.266
 9  37.915  47.559  62.879
10  39.097  48.566  64.091
11  38.903  48.846  65.210
12  39.251  48.875  65.602
13  38.606  48.809  66.076
14  37.151  47.997  65.097
15  36.158  47.108  64.266
16  33.856  45.369  62.684
17  31.196  43.693  59.976
18  28.110  41.372  57.365
19  24.461  38.723  53.833
20  20.411  35.942  49.801
