 1   55.43   64.21   60.75
 2   58.29   69.97   72.49
 3   57.72   72.18   81.01
 4   56.93   73.70   95.48
 5   58.04   78.02  109.45
 6   59.83   82.51  121.92
 7   59.75   84.27  134.12
 8   56.31   81.61  137.36
 9   55.85   82.27  144.29
10   56.01   83.23  147.82
11   57.44   85.09  154.50
12   57.74   87.09  168.51
13   56.62   84.89  170.60
14   55.82   84.05  165.08
15   53.47   78.16  162.60
16   48.64   75.00  157.73
17   45.74   69.73  151.68
18   40.92   63.89  142.85
19   33.91   57.54  129.04
20   27.74   50.75  114.68
21   21.01   43.18   96.68
22   21.01   32.13   38.18
23   21.01   32.13   38.18
24   21.01   32.13   38.18
25   21.01   32.13   38.18
26   21.01   32.13   38.18
27   21.01   32.13   38.18
28   21.01   32.13   38.18
29   21.01   32.13   38.18
30   21.01   32.13   38.18
31   21.01   32.13   38.18
32   21.01   32.13   38.18
33   21.01   32.13   38.18
34   21.01   32.13   38.18
35   21.01   32.13   38.18
36   21.01   32.13   38.18
