 1   47.90   58.79   70.09
 2   49.67   63.25   83.68
 3   51.13   67.43   97.55
 4   52.36   71.24  111.37
 5   53.45   74.58  124.67
 6   54.37   77.51  136.42
 7   55.29   80.07  146.71
 8   56.07   81.86  155.14
 9   56.53   83.16  161.58
10   56.80   83.68  166.08
11   56.79   83.53  168.30
12   56.34   82.97  169.22
13   55.46   81.54  168.30
14   54.06   79.51  165.96
15   51.87   76.67  162.36
16   49.11   73.18  157.20
17   45.48   68.90  151.03
18   40.92   63.89  142.85
19   35.46   57.87  132.11
20   29.01   51.04  117.40
21   21.97   43.43   98.97
22   20.51   31.59   39.14
23   20.51   31.59   39.14
24   20.51   31.59   39.14
25   20.51   31.59   39.14
26   20.51   31.59   39.14
27   20.51   31.59   39.14
28   20.51   31.59   39.14
29   20.51   31.59   39.14
30   20.51   31.59   39.14
31   20.51   31.59   39.14
32   20.51   31.59   39.14
33   20.51   31.59   39.14
34   20.51   31.59   39.14
35   20.51   31.59   39.14
36   20.51   31.59   39.14
