 1   47.32   58.18   63.02
 2   48.99   62.92   74.91
 3   51.71   68.66   89.82
 4   53.64   74.70  110.92
 5   54.57   77.57  126.35
 6   56.14   81.88  135.70
 7   56.99   81.60  146.92
 8   55.53   83.89  155.67
 9   56.86   84.16  162.28
10   56.80   83.68  166.08
11   54.29   83.05  164.37
12   53.86   82.50  165.28
13   53.02   81.08  164.38
14   51.68   79.05  162.12
15   49.13   76.15  157.85
16   46.28   72.63  152.44
17   42.64   68.35  146.06
18   38.37   63.38  138.15
19   33.25   57.40  127.76
20   27.21   50.63  113.54
21   20.61   43.08   95.72
22   20.21   31.72   38.81
23   20.21   31.72   38.81
24   20.21   31.72   38.81
25   20.21   31.72   38.81
26   20.21   31.72   38.81
27   20.21   31.72   38.81
28   20.21   31.72   38.81
29   20.21   31.72   38.81
30   20.21   31.72   38.81
31   20.21   31.72   38.81
32   20.21   31.72   38.81
33   20.21   31.72   38.81
34   20.21   31.72   38.81
35   20.21   31.72   38.81
36   20.21   31.72   38.81
