   1   1   1          0.88046209          1.50418924          0.02992000
   2   1   1          3.91507971          1.68407031          0.04642093
   3   1   1          5.42058429          1.79982000          0.05910236
   4   1   1          7.25695733          1.89141973          0.07201008
   5   1   1         10.03568785          2.02595060          0.08312494
   6   1   1         14.16774883          2.12493839          0.09445556
   7   1   1         16.53307780          2.32269902          0.10607487
   8   1   1         18.94497735          2.52284815          0.11734387
   9   1   1         22.83409133          2.82870710          0.13166245
  10   1   1         27.87051928          3.11760583          0.14186482
  11   1   1         33.87452930          3.41046382          0.15624242
  12   1   1         40.63202212          3.75997949          0.16964449
  13   1   1         48.19975759          4.12374388          0.18468763
  14   1   1         55.33790588          4.74574822          0.19996291
  15   1   1         62.07456119          5.41236336          0.21578311
  16   1   1         67.90981156          5.90894387          0.23521551
  17   1   1         73.58292389          6.73760186          0.25246151
  18   1   1         78.09726883          7.41430780          0.27206507
  19   1   1         82.69474352          8.28917082          0.29151669
  20   1   1         80.96875990          9.16025203          0.31082728
  21   1   1         80.34659931          7.35153556          0.30802006
  22   1   1         80.50484154          7.55899809          0.30633231
  23   1   1         80.05626354          8.29212535          0.30588672
  24   1   1         79.90146445          8.75551963          0.30528779
  25   1   1         79.86269372          9.48892616          0.30550292
  26   1   1         82.53333837          9.74020152          0.30566548
  27   1   1         83.46310708         10.28430546          0.30663479
  28   1   1         84.58886763         10.32600401          0.30566708
  29   1   1         87.62953186         10.28324408          0.30195419
  30   1   1         90.58844330         11.05840056          0.30148979
  31   1   1         92.84928716         10.99796809          0.29929907
  32   1   1         94.39591980         10.82452772          0.29409538
  33   1   1         98.38771226         11.04497339          0.29249012
  34   1   1         99.62552217         12.82313988          0.30361446
  35   1   1         -9.00000000         -9.00000000         -9.00000000
  36   1   1         -9.00000000         -9.00000000         -9.00000000
   1   1   2          0.94423528          1.54698149          0.02990000
   2   1   2          4.10430710          1.95405473          0.04618277
   3   1   2          5.09401349          2.17667951          0.06563776
   4   1   2          6.32120235          2.27556029          0.08254802
   5   1   2          8.28883933          2.36574998          0.09974481
   6   1   2         11.06547605          2.53025314          0.11324597
   7   1   2         14.38826038          2.71764045          0.12687715
   8   1   2         17.00165472          2.88830572          0.13809030
   9   1   2         21.41204282          3.27068109          0.15164237
  10   1   2         25.77830602          3.58779941          0.16459800
  11   1   2         32.64996031          3.92077611          0.18130767
  12   1   2         39.00123104          4.30953361          0.19608798
  13   1   2         46.04106773          4.88639938          0.21089388
  14   1   2         53.40546799          5.36901145          0.22678257
  15   1   2         61.78227607          6.01909871          0.24332807
  16   1   2         68.70921027          6.77429033          0.26087464
  17   1   2         74.34643478          7.51084129          0.28183731
  18   1   2         78.99939757          8.33884346          0.30193078
  19   1   2         83.83413102          9.07906270          0.31550473
  20   1   2         79.68944595         10.08481052          0.34257987
  21   1   2         78.56389618          7.93340717          0.34094359
  22   1   2         77.54183197          8.33032875          0.33957630
  23   1   2         76.64659164          8.73394750          0.33970835
  24   1   2         76.02636487          9.33091932          0.33897862
  25   1   2         75.79022307          9.95763517          0.34112603
  26   1   2         75.97701050         10.44219056          0.34135560
  27   1   2         76.58511816         11.35765234          0.33941940
  28   1   2         77.03189465         11.52498990          0.33887975
  29   1   2         78.30654282         11.62695066          0.33635667
  30   1   2         82.66728410         11.97317832          0.33544193
  31   1   2         85.46289339         11.71943698          0.33474788
  32   1   2         85.16363790         12.84175598          0.33396441
  33   1   2         83.52592496         11.03323579          0.34184915
  34   1   2         91.72778183         12.21540218          0.33950617
  35   1   2         -9.00000000         -9.00000000         -9.00000000
  36   1   2         -9.00000000         -9.00000000         -9.00000000
   1   1   3          1.11820743          1.55559567          0.02940000
   2   1   3          2.88205736          1.89370097          0.04698350
   3   1   3          4.56632905          2.09448906          0.06375217
   4   1   3          6.36236628          2.24353441          0.07973072
   5   1   3         10.14066211          2.35259792          0.09454709
   6   1   3         15.21138946          2.51826771          0.10746602
   7   1   3         19.01251200          2.73213335          0.12122417
   8   1   3         24.83295374          2.92965149          0.13463749
   9   1   3         31.88612786          3.18827606          0.14856584
  10   1   3         39.16339978          3.53873486          0.16232625
  11   1   3         46.54836423          3.91995602          0.17671979
  12   1   3         53.99533200          4.32048995          0.19434159
  13   1   3         62.25209680          4.76834511          0.21061348
  14   1   3         67.06860970          5.24676590          0.22755144
  15   1   3         72.87174988          5.98991543          0.24152087
  16   1   3         77.19623515          6.59356246          0.25989617
  17   1   3         80.71224213          7.49439994          0.28125000
  18   1   3         81.46027888          8.33143645          0.29959557
  19   1   3         79.87758982          9.27184842          0.31314920
  20   1   3         77.08039125         10.05982496          0.33480510
  21   1   3         77.47041139          7.80781592          0.33124903
  22   1   3         76.16102311          8.02875933          0.33323109
  23   1   3         75.78576239          8.61553538          0.33246327
  24   1   3         74.25183299          9.31048035          0.33049356
  25   1   3         74.32234947          9.94767921          0.32710614
  26   1   3         76.10327259         10.54697141          0.32238193
  27   1   3         77.22028142         11.23528995          0.31478298
  28   1   3         76.97155983         11.33368086          0.31940660
  29   1   3         77.49720600         11.42396845          0.30460027
  30   1   3         82.46400005         10.59877296          0.30489510
  31   1   3         81.95819149         11.14368606          0.30984340
  32   1   3         87.40091622         10.61618484          0.32897196
  33   1   3         94.18785198         12.00172045          0.34020619
  34   1   3        111.04258014         10.15964548          0.32894737
  35   1   3         -9.00000000         -9.00000000         -9.00000000
  36   1   3         -9.00000000         -9.00000000         -9.00000000
   1   2   1          1.28344785          2.11874400          0.03572000
   2   2   1          4.55641326          2.11417054          0.03628000
   3   2   1          6.69897358          2.12053661          0.03752675
   4   2   1         10.71351454          2.16611810          0.04037373
   5   2   1         14.99286530          2.21093249          0.04349305
   6   2   1         19.20237599          2.28373386          0.04734628
   7   2   1         25.07952911          2.45611148          0.05187620
   8   2   1         33.84564012          2.60180111          0.05711533
   9   2   1         43.78698132          2.83062839          0.06401722
  10   2   1         54.61375681          3.05030713          0.06854261
  11   2   1         67.70976204          3.40825682          0.07678604
  12   2   1         80.29252476          3.75315287          0.08865833
  13   2   1         95.09066914          4.21665573          0.09998771
  14   2   1        108.39845230          4.64024587          0.11232288
  15   2   1        121.69709984          5.29838859          0.13046659
  16   2   1        133.56624678          5.72761428          0.14922172
  17   2   1        144.14897156          6.51890287          0.17208094
  18   2   1        151.85330200          7.19515710          0.19666126
  19   2   1        157.43710327          7.97381913          0.22374010
  20   2   1        157.38883338          8.69364963          0.25520197
  21   2   1        157.84790720          8.28465186          0.25396705
  22   2   1        157.90893200          8.76927551          0.25326336
  23   2   1        158.13943214          9.24752439          0.25357433
  24   2   1        158.44559289          9.74308719          0.25286730
  25   2   1        158.07014324         10.31570990          0.25298047
  26   2   1        157.79926990         11.59606762          0.25200411
  27   2   1        155.91433473         12.15734545          0.25507429
  28   2   1        154.36752050         12.73224881          0.25709526
  29   2   1        153.48944213         12.71648268          0.25581918
  30   2   1        154.30745521         13.02288134          0.25672109
  31   2   1        153.44266199         13.18082725          0.25619060
  32   2   1        158.62534523         13.39196117          0.25445829
  33   2   1        153.73993726         13.73833258          0.25000000
  34   2   1        155.17877408         14.63580858          0.25554529
  35   2   1         -9.00000000         -9.00000000         -9.00000000
  36   2   1         -9.00000000         -9.00000000         -9.00000000
   1   2   2          0.96761201          2.08341845          0.03502000
   2   2   2          4.73896317          2.50915776          0.03496490
   3   2   2          6.57061340          2.60608672          0.04160663
   4   2   2         10.29757993          2.73949611          0.04613906
   5   2   2         15.01391527          2.81949858          0.05285946
   6   2   2         19.10045987          2.94200884          0.05880464
   7   2   2         24.89639280          3.08503851          0.06610524
   8   2   2         33.00030680          3.25053012          0.07370394
   9   2   2         42.08898332          3.45459807          0.08098492
  10   2   2         52.18664169          3.77495361          0.08871655
  11   2   2         63.59747475          4.09901428          0.09981014
  12   2   2         75.15981320          4.52439500          0.11333292
  13   2   2         87.15584143          4.99797889          0.12812201
  14   2   2         99.09546909          5.48517223          0.14370816
  15   2   2        109.40679169          6.23200568          0.16179588
  16   2   2        119.09992843          6.81169867          0.18239902
  17   2   2        126.79258604          7.64312610          0.20603920
  18   2   2        133.60686781          8.22568766          0.23197616
  19   2   2        136.45772772          8.93073342          0.26622871
  20   2   2        133.14677922          9.88692049          0.29730077
  21   2   2        132.84751892          8.95508668          0.29549198
  22   2   2        132.47814405          9.33202083          0.29412115
  23   2   2        132.84525406          9.96937726          0.29255214
  24   2   2        130.69753784         10.55136990          0.29214148
  25   2   2        129.77073669         11.37156207          0.29141904
  26   2   2        128.88564449         12.59014935          0.29049207
  27   2   2        126.41065134         13.09148340          0.29169476
  28   2   2        126.14350783         13.02039630          0.28980623
  29   2   2        128.59425232         13.49038028          0.28568579
  30   2   2        128.31806416         13.51071398          0.28450249
  31   2   2        130.52788537         13.13897157          0.28649773
  32   2   2        131.36300921         12.94946528          0.29255319
  33   2   2        136.34809105         13.50671116          0.29037875
  34   2   2        140.41949835         11.68011730          0.29647887
  35   2   2         -9.00000000         -9.00000000         -9.00000000
  36   2   2         -9.00000000         -9.00000000         -9.00000000
   1   2   3          1.12877618          2.07574074          0.03442000
   2   2   3          5.36134958          2.33952503          0.03505469
   3   2   3          8.84241750          2.40782923          0.03873105
   4   2   3         14.25129535          2.49920719          0.04380415
   5   2   3         19.13099998          2.57132154          0.04880962
   6   2   3         26.28175707          2.64443413          0.05437439
   7   2   3         35.81650353          2.80120974          0.06043437
   8   2   3         45.74150518          3.00843053          0.06558669
   9   2   3         57.76690021          3.29053755          0.07499527
  10   2   3         69.80731964          3.54317022          0.08565269
  11   2   3         83.35590890          3.98070217          0.09494540
  12   2   3         96.08689857          4.38986600          0.10616224
  13   2   3        107.43617410          4.80929461          0.11848637
  14   2   3        119.81507998          5.33796134          0.13246622
  15   2   3        129.86888674          5.97283482          0.15314773
  16   2   3        138.74203491          6.78897970          0.17272703
  17   2   3        144.98968622          7.36027175          0.19617198
  18   2   3        150.96778978          8.19340479          0.22375084
  19   2   3        155.11947788          8.92713161          0.25562529
  20   2   3        152.56952876          9.66510391          0.28949327
  21   2   3        152.99685216          8.84292713          0.28750315
  22   2   3        152.70697021          9.44165728          0.28698986
  23   2   3        153.14527875         10.31081669          0.28660276
  24   2   3        154.53769536         10.93495057          0.28389220
  25   2   3        155.23987739         11.36708135          0.28285811
  26   2   3        155.22986948         12.29764559          0.28264623
  27   2   3        156.05177156         13.42456596          0.28377989
  28   2   3        155.24196549         13.22038291          0.28451212
  29   2   3        154.56179990         14.14949735          0.28156997
  30   2   3        149.80236932         14.38286144          0.29261125
  31   2   3        150.19805433         15.30494784          0.28739386
  32   2   3        148.99677098         15.66291784          0.28185745
  33   2   3        150.52498092         15.86593035          0.28625954
  34   2   3        158.16761949         10.33863638          0.27402135
  35   2   3         -9.00000000         -9.00000000         -9.00000000
  36   2   3         -9.00000000         -9.00000000         -9.00000000
   1   3   1          0.39062859          2.69816107          0.03260000
   2   3   1          4.05333525          2.67617231          0.03450069
   3   3   1          8.51801152          2.67939174          0.03294329
   4   3   1         15.10640286          2.68344209          0.03152820
   5   3   1         20.78347785          2.73915252          0.03163265
   6   3   1         29.55840186          2.77103459          0.03191724
   7   3   1         43.50271599          2.87194713          0.03036308
   8   3   1         61.69814029          3.12495613          0.03079942
   9   3   1         84.08893278          3.30670064          0.03421184
  10   3   1        109.12927246          3.57723235          0.03712841
  11   3   1        137.58841926          3.89321105          0.04004418
  12   3   1        166.28212419          4.26324221          0.04365494
  13   3   1        195.15737915          4.68051979          0.04812036
  14   3   1        223.10568486          5.15323079          0.05708100
  15   3   1        249.29024248          5.85437361          0.06606478
  16   3   1        272.44594542          6.49825721          0.07806775
  17   3   1        294.54966970          7.23988137          0.09560980
  18   3   1        313.65258024          7.97409800          0.11613119
  19   3   1        328.65948486          8.79771606          0.14433384
  20   3   1        327.30831303          9.35849085          0.17625430
  21   3   1        327.59410182          9.17385460          0.17560932
  22   3   1        327.48187885          9.55518856          0.17466800
  23   3   1        326.53882943          9.88551296          0.17461331
  24   3   1        325.90632608         10.44895652          0.17539000
  25   3   1        325.30167696         11.34964444          0.17614679
  26   3   1        325.02079865         12.06423292          0.17638051
  27   3   1        324.42238574         12.43658908          0.17689122
  28   3   1        323.22843662         12.65150624          0.17780150
  29   3   1        323.11139767         13.04379677          0.17853457
  30   3   1        322.89961724         12.79361003          0.17947625
  31   3   1        322.46501644         13.32103582          0.18175327
  32   3   1        328.04596187         13.12476976          0.18000650
  33   3   1        332.66835334         12.72181785          0.17478152
  34   3   1        331.78722692         13.56740838          0.17279848
  35   3   1         -9.00000000         -9.00000000         -9.00000000
  36   3   1         -9.00000000         -9.00000000         -9.00000000
   1   3   2          0.49200247          2.73701947          0.03364000
   2   3   2          5.02590790          2.96846787          0.03382300
   3   3   2         10.01636616          3.08729625          0.03303731
   4   3   2         18.20540255          3.10487308          0.03507679
   5   3   2         25.81790913          3.23674868          0.03412990
   6   3   2         38.33001948          3.39871271          0.03380310
   7   3   2         55.68459320          3.45246401          0.03307032
   8   3   2         75.52194841          3.65898174          0.03573115
   9   3   2         98.97892449          3.93281947          0.03931758
  10   3   2        124.84543649          4.24240428          0.04317584
  11   3   2        151.41950227          4.62241112          0.04590005
  12   3   2        179.02028663          5.07137600          0.05004919
  13   3   2        204.89493020          5.52450061          0.05746005
  14   3   2        229.66204849          6.11712759          0.06636817
  15   3   2        251.84957101          6.74376763          0.07828198
  16   3   2        270.08242798          7.53492751          0.09202003
  17   3   2        285.06138723          8.28835669          0.10743334
  18   3   2        297.24778815          8.91363194          0.12865582
  19   3   2        304.34244323          9.82738658          0.15852064
  20   3   2        303.38594262         10.63930548          0.19361335
  21   3   2        302.73698015          9.94913593          0.19255135
  22   3   2        302.13952393         10.35731568          0.19159067
  23   3   2        301.63640442         10.66889347          0.19254165
  24   3   2        301.65562087         11.18196711          0.19293718
  25   3   2        300.04702759         11.91935854          0.19238196
  26   3   2        300.59583608         12.50296385          0.19237833
  27   3   2        300.83435458         13.08516059          0.19262603
  28   3   2        300.27355222         13.40568370          0.19130313
  29   3   2        298.63137870         13.90172122          0.19067619
  30   3   2        297.37494898         13.62421238          0.19016864
  31   3   2        297.36262525         14.17851248          0.19005120
  32   3   2        298.45133276         14.01656257          0.18975317
  33   3   2        298.07621019         14.06056396          0.19215913
  34   3   2        296.90492929         14.24436712          0.19107080
  35   3   2         -9.00000000         -9.00000000         -9.00000000
  36   3   2         -9.00000000         -9.00000000         -9.00000000
   1   3   3          0.51040360          2.71465207          0.03386000
   2   3   3          5.59748394          2.88405882          0.03366424
   3   3   3         11.26640443          2.82249909          0.03442814
   4   3   3         19.60332781          2.94891792          0.03387207
   5   3   3         28.35393783          3.03150891          0.03267249
   6   3   3         42.23200417          3.06833284          0.03251226
   7   3   3         59.56906345          3.19794111          0.03225938
   8   3   3         80.29792149          3.40557590          0.03398916
   9   3   3        103.61666584          3.66599777          0.03670219
  10   3   3        127.75968531          3.88637508          0.03887082
  11   3   3        153.79869353          4.37882945          0.04219922
  12   3   3        180.18648143          4.80805307          0.04794178
  13   3   3        205.55461372          5.18008671          0.05305459
  14   3   3        228.98590902          5.93065073          0.06277831
  15   3   3        252.34397888          6.48681994          0.07358082
  16   3   3        273.38223267          7.26493773          0.08683014
  17   3   3        291.53582287          8.03726406          0.10328011
  18   3   3        307.31343194          8.88833407          0.12481115
  19   3   3        320.53537368          9.78862641          0.15375806
  20   3   3        318.80906839         10.61686361          0.19165154
  21   3   3        318.93561569          9.95350396          0.19032640
  22   3   3        321.11516111         10.28349756          0.18965735
  23   3   3        320.30336303         10.86171658          0.18918127
  24   3   3        321.08024042         11.36122655          0.18722416
  25   3   3        318.68053746         11.91042313          0.18794579
  26   3   3        317.99671260         12.94804048          0.18687231
  27   3   3        314.50451581         13.37736823          0.18907219
  28   3   3        315.46908233         14.37593671          0.19077168
  29   3   3        313.89116098         13.88315221          0.18914659
  30   3   3        311.74295868         15.00143165          0.19321583
  31   3   3        305.77036039         14.19382698          0.19645570
  32   3   3        303.95046207         14.32259420          0.18744770
  33   3   3        307.85488193         14.78327912          0.19013062
  34   3   3        325.36596580         14.35466773          0.18384401
  35   3   3         -9.00000000         -9.00000000         -9.00000000
  36   3   3         -9.00000000         -9.00000000         -9.00000000
