   1   1   1          7.54928904          1.50418924          0.02992000
   2   1   1         16.49892914          1.68407031          0.04642093
   3   1   1         25.68885068          1.79982000          0.05910236
   4   1   1         35.48335636          1.89141973          0.07201008
   5   1   1         46.63027249          2.02595060          0.08312494
   6   1   1         58.41967846          2.12493839          0.09445556
   7   1   1         71.49248728          2.32269902          0.10607487
   8   1   1         85.70548892          2.52284815          0.11734387
   9   1   1        101.27856210          2.82870710          0.13166245
  10   1   1        117.00174995          3.11760583          0.14186482
  11   1   1        133.74481494          3.41046382          0.15624242
  12   1   1        150.25604239          3.75997949          0.16964449
  13   1   1        165.65422631          4.12374388          0.18468763
  14   1   1        181.11895807          4.74574822          0.19996291
  15   1   1        195.20477523          5.41236336          0.21578311
  16   1   1        207.50228079          5.90894387          0.23521551
  17   1   1        218.30113176          6.73760186          0.25246151
  18   1   1        227.93835722          7.41430780          0.27206507
  19   1   1        233.90525684          8.28917082          0.29151669
  20   1   1        232.06382329          9.16025203          0.31082728
  21   1   1        232.22088869          7.35153556          0.30802006
  22   1   1        231.69300724          7.55899809          0.30633231
  23   1   1        230.83074818          8.29212535          0.30588672
  24   1   1        230.09210498          8.75551963          0.30528779
  25   1   1        230.15403862          9.48892616          0.30550292
  26   1   1        230.91612699          9.74020152          0.30566548
  27   1   1        229.05089348         10.28430546          0.30663479
  28   1   1        228.35334323         10.32600401          0.30566708
  29   1   1        229.32444777         10.28324408          0.30195419
  30   1   1        227.57423723         11.05840056          0.30148979
  31   1   1        224.09103349         10.99796809          0.29929907
  32   1   1        214.75593727         10.82452772          0.29409538
  33   1   1        217.01114323         11.04497339          0.29249012
  34   1   1        211.10408982         12.82313988          0.30361446
  35   1   1         -9.00000000         -9.00000000         -9.00000000
  36   1   1         -9.00000000         -9.00000000         -9.00000000
   1   1   2          9.48400095          1.54698149          0.02990000
   2   1   2         19.12721482          1.95405473          0.04618277
   3   1   2         28.77049074          2.17667951          0.06563776
   4   1   2         38.38729710          2.27556029          0.08254802
   5   1   2         48.36694143          2.36574998          0.09974481
   6   1   2         59.23906669          2.53025314          0.11324597
   7   1   2         71.47349187          2.71764045          0.12687715
   8   1   2         85.47240001          2.88830572          0.13809030
   9   1   2         99.58360105          3.27068109          0.15164237
  10   1   2        114.48071051          3.58779941          0.16459800
  11   1   2        130.01950907          3.92077611          0.18130767
  12   1   2        145.49478149          4.30953361          0.19608798
  13   1   2        159.93228138          4.88639938          0.21089388
  14   1   2        175.69557052          5.36901145          0.22678257
  15   1   2        190.34890689          6.01909871          0.24332807
  16   1   2        203.23565118          6.77429033          0.26087464
  17   1   2        216.00524079          7.51084129          0.28183731
  18   1   2        225.83511982          8.33884346          0.30193078
  19   1   2        233.43024223          9.07906270          0.31550473
  20   1   2        229.73947190         10.08481052          0.34257987
  21   1   2        228.49728163          7.93340717          0.34094359
  22   1   2        227.69373071          8.33032875          0.33957630
  23   1   2        226.52328349          8.73394750          0.33970835
  24   1   2        225.12199673          9.33091932          0.33897862
  25   1   2        224.98430602          9.95763517          0.34112603
  26   1   2        223.35301401         10.44219056          0.34135560
  27   1   2        220.76096678         11.35765234          0.33941940
  28   1   2        220.09994507         11.52498990          0.33887975
  29   1   2        219.40681458         11.62695066          0.33635667
  30   1   2        221.27217332         11.97317832          0.33544193
  31   1   2        223.65457091         11.71943698          0.33474788
  32   1   2        221.03333004         12.84175598          0.33396441
  33   1   2        219.63235982         11.03323579          0.34184915
  34   1   2        222.31330974         12.21540218          0.33950617
  35   1   2         -9.00000000         -9.00000000         -9.00000000
  36   1   2         -9.00000000         -9.00000000         -9.00000000
   1   1   3          9.80892761          1.55559567          0.02940000
   2   1   3         20.66143541          1.89370097          0.04698350
   3   1   3         31.62848621          2.09448906          0.06375217
   4   1   3         42.22714002          2.24353441          0.07973072
   5   1   3         54.00760946          2.35259792          0.09454709
   6   1   3         67.89151764          2.51826771          0.10746602
   7   1   3         81.20405544          2.73213335          0.12122417
   8   1   3         96.30319200          2.92965149          0.13463749
   9   1   3        111.29937563          3.18827606          0.14856584
  10   1   3        127.25766925          3.53873486          0.16232625
  11   1   3        143.21182712          3.91995602          0.17671979
  12   1   3        157.85394722          4.32048995          0.19434159
  13   1   3        171.02888489          4.76834511          0.21061348
  14   1   3        184.10961275          5.24676590          0.22755144
  15   1   3        194.48710066          5.98991543          0.24152087
  16   1   3        202.99123983          6.59356246          0.25989617
  17   1   3        208.83879183          7.49439994          0.28125000
  18   1   3        213.35140258          8.33143645          0.29959557
  19   1   3        213.12998962          9.27184842          0.31314920
  20   1   3        210.87523795         10.05982496          0.33480510
  21   1   3        210.40416784          7.80781592          0.33124903
  22   1   3        208.20307236          8.02875933          0.33323109
  23   1   3        206.53759502          8.61553538          0.33246327
  24   1   3        204.00729098          9.31048035          0.33049356
  25   1   3        203.16983902          9.94767921          0.32710614
  26   1   3        201.80716202         10.54697141          0.32238193
  27   1   3        201.72073927         11.23528995          0.31478298
  28   1   3        198.92427003         11.33368086          0.31940660
  29   1   3        196.60050461         11.42396845          0.30460027
  30   1   3        199.72463186         10.59877296          0.30489510
  31   1   3        200.97379130         11.14368606          0.30984340
  32   1   3        205.64125010         10.61618484          0.32897196
  33   1   3        209.83786925         12.00172045          0.34020619
  34   1   3        230.40332497         10.15964548          0.32894737
  35   1   3         -9.00000000         -9.00000000         -9.00000000
  36   1   3         -9.00000000         -9.00000000         -9.00000000
   1   2   1          7.16397572          2.11874400          0.03572000
   2   2   1         15.77394390          2.11417054          0.03628000
   3   2   1         25.00714408          2.12053661          0.03752675
   4   2   1         36.81086327          2.16611810          0.04037373
   5   2   1         51.05481102          2.21093249          0.04349305
   6   2   1         66.00022076          2.28373386          0.04734628
   7   2   1         83.84266520          2.45611148          0.05187620
   8   2   1        103.91006470          2.60180111          0.05711533
   9   2   1        125.55335366          2.83062839          0.06401722
  10   2   1        148.47956330          3.05030713          0.06854261
  11   2   1        173.79329529          3.40825682          0.07678604
  12   2   1        199.39026895          3.75315287          0.08865833
  13   2   1        224.23352246          4.21665573          0.09998771
  14   2   1        248.86601845          4.64024587          0.11232288
  15   2   1        272.13245605          5.29838859          0.13046659
  16   2   1        293.45188342          5.72761428          0.14922172
  17   2   1        312.42117804          6.51890287          0.17208094
  18   2   1        328.10245968          7.19515710          0.19666126
  19   2   1        339.06382199          7.97381913          0.22374010
  20   2   1        337.82898210          8.69364963          0.25520197
  21   2   1        337.82562673          8.28465186          0.25396705
  22   2   1        337.62152054          8.76927551          0.25326336
  23   2   1        337.98594517          9.24752439          0.25357433
  24   2   1        337.35946655          9.74308719          0.25286730
  25   2   1        337.21435362         10.31570990          0.25298047
  26   2   1        335.80217713         11.59606762          0.25200411
  27   2   1        333.73388245         12.15734545          0.25507429
  28   2   1        333.84455744         12.73224881          0.25709526
  29   2   1        335.27273949         12.71648268          0.25581918
  30   2   1        336.03463668         13.02288134          0.25672109
  31   2   1        334.37939453         13.18082725          0.25619060
  32   2   1        336.85900879         13.39196117          0.25445829
  33   2   1        335.89568123         13.73833258          0.25000000
  34   2   1        334.31156774         14.63580858          0.25554529
  35   2   1         -9.00000000         -9.00000000         -9.00000000
  36   2   1         -9.00000000         -9.00000000         -9.00000000
   1   2   2          7.78925122          2.08341845          0.03502000
   2   2   2         17.27236361          2.50915776          0.03496490
   3   2   2         27.70342737          2.60608672          0.04160663
   4   2   2         40.04621887          2.73949611          0.04613906
   5   2   2         54.27782250          2.81949858          0.05285946
   6   2   2         70.60212737          2.94200884          0.05880464
   7   2   2         88.32194519          3.08503851          0.06610524
   8   2   2        107.73898986          3.25053012          0.07370394
   9   2   2        128.38190493          3.45459807          0.08098492
  10   2   2        150.60654386          3.77495361          0.08871655
  11   2   2        174.35803333          4.09901428          0.09981014
  12   2   2        197.37031383          4.52439500          0.11333292
  13   2   2        220.00901902          4.99797889          0.12812201
  14   2   2        241.73370102          5.48517223          0.14370816
  15   2   2        261.74673462          6.23200568          0.16179588
  16   2   2        279.83803225          6.81169867          0.18239902
  17   2   2        296.45486450          7.64312610          0.20603920
  18   2   2        310.31059425          8.22568766          0.23197616
  19   2   2        320.65303396          8.93073342          0.26622871
  20   2   2        318.74456158          9.88692049          0.29730077
  21   2   2        318.35077272          8.95508668          0.29549198
  22   2   2        318.58279168          9.33202083          0.29412115
  23   2   2        319.05216833          9.96937726          0.29255214
  24   2   2        318.09957115         10.55136990          0.29214148
  25   2   2        316.28684990         11.37156207          0.29141904
  26   2   2        317.33249773         12.59014935          0.29049207
  27   2   2        315.90078445         13.09148340          0.29169476
  28   2   2        315.12084798         13.02039630          0.28980623
  29   2   2        313.50235351         13.49038028          0.28568579
  30   2   2        311.15893326         13.51071398          0.28450249
  31   2   2        310.43866107         13.13897157          0.28649773
  32   2   2        308.23152370         12.94946528          0.29255319
  33   2   2        305.09675159         13.50671116          0.29037875
  34   2   2        306.54415948         11.68011730          0.29647887
  35   2   2         -9.00000000         -9.00000000         -9.00000000
  36   2   2         -9.00000000         -9.00000000         -9.00000000
   1   2   3          9.15032069          2.07574074          0.03442000
   2   2   3         19.79282198          2.33952503          0.03505469
   3   2   3         31.97214689          2.40782923          0.03873105
   4   2   3         46.46192896          2.49920719          0.04380415
   5   2   3         62.43564441          2.57132154          0.04880962
   6   2   3         80.45777277          2.64443413          0.05437439
   7   2   3         99.54220505          2.80120974          0.06043437
   8   2   3        119.75526790          3.00843053          0.06558669
   9   2   3        141.09500346          3.29053755          0.07499527
  10   2   3        163.50742750          3.54317022          0.08565269
  11   2   3        186.64981216          3.98070217          0.09494540
  12   2   3        208.91590857          4.38986600          0.10616224
  13   2   3        231.50206650          4.80929461          0.11848637
  14   2   3        252.66783521          5.33796134          0.13246622
  15   2   3        271.90200301          5.97283482          0.15314773
  16   2   3        290.08626445          6.78897970          0.17272703
  17   2   3        304.90550634          7.36027175          0.19617198
  18   2   3        316.45401670          8.19340479          0.22375084
  19   2   3        325.53666738          8.92713161          0.25562529
  20   2   3        324.33200962          9.66510391          0.28949327
  21   2   3        323.85251104          8.84292713          0.28750315
  22   2   3        324.47167633          9.44165728          0.28698986
  23   2   3        324.40302343         10.31081669          0.28660276
  24   2   3        323.93051147         10.93495057          0.28389220
  25   2   3        323.26447479         11.36708135          0.28285811
  26   2   3        320.15613855         12.29764559          0.28264623
  27   2   3        321.79365842         13.42456596          0.28377989
  28   2   3        323.34030151         13.22038291          0.28451212
  29   2   3        326.28398654         14.14949735          0.28156997
  30   2   3        326.07160348         14.38286144          0.29261125
  31   2   3        322.48051301         15.30494784          0.28739386
  32   2   3        334.05021768         15.66291784          0.28185745
  33   2   3        317.07714837         15.86593035          0.28625954
  34   2   3        331.66883991         10.33863638          0.27402135
  35   2   3         -9.00000000         -9.00000000         -9.00000000
  36   2   3         -9.00000000         -9.00000000         -9.00000000
   1   3   1          5.23891002          2.69816107          0.03260000
   2   3   1         14.50628868          2.67617231          0.03450069
   3   3   1         23.70338984          2.67939174          0.03294329
   4   3   1         40.74046142          2.68344209          0.03152820
   5   3   1         60.09370422          2.73915252          0.03163265
   6   3   1         86.53847992          2.77103459          0.03191724
   7   3   1        117.24992590          2.87194713          0.03036308
   8   3   1        153.68507276          3.12495613          0.03079942
   9   3   1        193.55006497          3.30670064          0.03421184
  10   3   1        236.19126955          3.57723235          0.03712841
  11   3   1        281.15685202          3.89321105          0.04004418
  12   3   1        325.89643801          4.26324221          0.04365494
  13   3   1        371.10595025          4.68051979          0.04812036
  14   3   1        414.80854061          5.15323079          0.05708100
  15   3   1        455.06015015          5.85437361          0.06606478
  16   3   1        492.49767649          6.49825721          0.07806775
  17   3   1        525.62825047          7.23988137          0.09560980
  18   3   1        554.16618503          7.97409800          0.11613119
  19   3   1        576.71165921          8.79771606          0.14433384
  20   3   1        570.95035770          9.35849085          0.17625430
  21   3   1        565.88870430          9.17385460          0.17560932
  22   3   1        561.76342918          9.55518856          0.17466800
  23   3   1        557.79321289          9.88551296          0.17461331
  24   3   1        552.50480649         10.44895652          0.17539000
  25   3   1        547.54748798         11.34964444          0.17614679
  26   3   1        542.85237604         12.06423292          0.17638051
  27   3   1        537.37951660         12.43658908          0.17689122
  28   3   1        532.82276179         12.65150624          0.17780150
  29   3   1        529.35768061         13.04379677          0.17853457
  30   3   1        524.80095152         12.79361003          0.17947625
  31   3   1        520.91008120         13.32103582          0.18175327
  32   3   1        519.60237043         13.12476976          0.18000650
  33   3   1        518.89900227         12.72181785          0.17478152
  34   3   1        510.14170365         13.56740838          0.17279848
  35   3   1         -9.00000000         -9.00000000         -9.00000000
  36   3   1         -9.00000000         -9.00000000         -9.00000000
   1   3   2          7.59306125          2.73701947          0.03364000
   2   3   2         18.14065361          2.96846787          0.03382300
   3   3   2         33.13437618          3.08729625          0.03303731
   4   3   2         52.16528684          3.10487308          0.03507679
   5   3   2         75.09532166          3.23674868          0.03412990
   6   3   2        102.21025085          3.39871271          0.03380310
   7   3   2        135.28271371          3.45246401          0.03307032
   8   3   2        172.35090224          3.65898174          0.03573115
   9   3   2        212.14342935          3.93281947          0.03931758
  10   3   2        254.87750240          4.24240428          0.04317584
  11   3   2        299.02341965          4.62241112          0.04590005
  12   3   2        340.74163818          5.07137600          0.05004919
  13   3   2        381.02427751          5.52450061          0.05746005
  14   3   2        418.98904419          6.11712759          0.06636817
  15   3   2        454.58517698          6.74376763          0.07828198
  16   3   2        484.44157199          7.53492751          0.09202003
  17   3   2        508.61026166          8.28835669          0.10743334
  18   3   2        528.86603037          8.91363194          0.12865582
  19   3   2        540.52554479          9.82738658          0.15852064
  20   3   2        535.70831299         10.63930548          0.19361335
  21   3   2        531.41773391          9.94913593          0.19255135
  22   3   2        527.23133904         10.35731568          0.19159067
  23   3   2        524.37013312         10.66889347          0.19254165
  24   3   2        521.35226961         11.18196711          0.19293718
  25   3   2        517.75343092         11.91935854          0.19238196
  26   3   2        514.16881501         12.50296385          0.19237833
  27   3   2        511.10726732         13.08516059          0.19262603
  28   3   2        508.82811010         13.40568370          0.19130313
  29   3   2        504.24176462         13.90172122          0.19067619
  30   3   2        497.37632953         13.62421238          0.19016864
  31   3   2        493.58442929         14.17851248          0.19005120
  32   3   2        489.62817383         14.01656257          0.18975317
  33   3   2        485.08956775         14.06056396          0.19215913
  34   3   2        479.69496758         14.24436712          0.19107080
  35   3   2         -9.00000000         -9.00000000         -9.00000000
  36   3   2         -9.00000000         -9.00000000         -9.00000000
   1   3   3          7.84215927          2.71465207          0.03386000
   2   3   3         18.82271450          2.88405882          0.03366424
   3   3   3         32.42753966          2.82249909          0.03442814
   4   3   3         53.91535585          2.94891792          0.03387207
   5   3   3         78.11232086          3.03150891          0.03267249
   6   3   3        106.36842973          3.06833284          0.03251226
   7   3   3        138.56137089          3.19794111          0.03225938
   8   3   3        174.36665082          3.40557590          0.03398916
   9   3   3        212.29017891          3.66599777          0.03670219
  10   3   3        251.58639278          3.88637508          0.03887082
  11   3   3        290.89292123          4.37882945          0.04219922
  12   3   3        330.84338088          4.80805307          0.04794178
  13   3   3        371.16249278          5.18008671          0.05305459
  14   3   3        406.50021703          5.93065073          0.06277831
  15   3   3        440.47389375          6.48681994          0.07358082
  16   3   3        471.28799342          7.26493773          0.08683014
  17   3   3        499.06961718          8.03726406          0.10328011
  18   3   3        522.63775365          8.88833407          0.12481115
  19   3   3        542.93301067          9.78862641          0.15375806
  20   3   3        537.91990147         10.61686361          0.19165154
  21   3   3        534.56600069          9.95350396          0.19032640
  22   3   3        532.47728885         10.28349756          0.18965735
  23   3   3        528.57276739         10.86171658          0.18918127
  24   3   3        523.96685570         11.36122655          0.18722416
  25   3   3        519.11397820         11.91042313          0.18794579
  26   3   3        513.63337510         12.94804048          0.18687231
  27   3   3        505.83662772         13.37736823          0.18907219
  28   3   3        505.73180916         14.37593671          0.19077168
  29   3   3        504.32927017         13.88315221          0.18914659
  30   3   3        496.79538291         15.00143165          0.19321583
  31   3   3        490.59421596         14.19382698          0.19645570
  32   3   3        479.41611875         14.32259420          0.18744770
  33   3   3        483.96150880         14.78327912          0.19013062
  34   3   3        494.04722981         14.35466773          0.18384401
  35   3   3         -9.00000000         -9.00000000         -9.00000000
  36   3   3         -9.00000000         -9.00000000         -9.00000000
