   1   1   1          0.00000000          1.50418924          0.02992000
   2   1   1          0.13742261          1.68407031          0.04642093
   3   1   1          0.79629733          1.79982000          0.05910236
   4   1   1          0.78301046          1.89141973          0.07201008
   5   1   1          0.62054632          2.02595060          0.08312494
   6   1   1          0.56307787          2.12493839          0.09445556
   7   1   1          0.40770365          2.32269902          0.10607487
   8   1   1          0.26297063          2.52284815          0.11734387
   9   1   1          0.19797610          2.82870710          0.13166245
  10   1   1          0.21259672          3.11760583          0.14186482
  11   1   1          0.35233244          3.41046382          0.15624242
  12   1   1          0.62875987          3.75997949          0.16964449
  13   1   1          0.99366738          4.12374388          0.18468763
  14   1   1          1.18985387          4.74574822          0.19996291
  15   1   1          0.84470767          5.41236336          0.21578311
  16   1   1          0.96212127          5.90894387          0.23521551
  17   1   1          0.48843208          6.73760186          0.25246151
  18   1   1          0.93606190          7.41430780          0.27206507
  19   1   1          1.05201217          8.28917082          0.29151669
  20   1   1          4.70260605          9.16025203          0.31082728
  21   1   1          7.96056685          7.35153556          0.30802006
  22   1   1         11.25727099          7.55899809          0.30633231
  23   1   1         14.00862240          8.29212535          0.30588672
  24   1   1         16.29835494          8.75551963          0.30528779
  25   1   1         17.58133957          9.48892616          0.30550292
  26   1   1         18.42089601          9.74020152          0.30566548
  27   1   1         18.01422554         10.28430546          0.30663479
  28   1   1         16.51785540         10.32600401          0.30566708
  29   1   1         16.61477846         10.28324408          0.30195419
  30   1   1         15.20191738         11.05840056          0.30148979
  31   1   1         16.48841226         10.99796809          0.29929907
  32   1   1         13.46159664         10.82452772          0.29409538
  33   1   1         14.86803496         11.04497339          0.29249012
  34   1   1         17.64588351         12.82313988          0.30361446
  35   1   1         -9.00000000         -9.00000000         -9.00000000
  36   1   1         -9.00000000         -9.00000000         -9.00000000
   1   1   2          0.01313861          1.54698149          0.02990000
   2   1   2          0.29725039          1.95405473          0.04618277
   3   1   2          0.28345760          2.17667951          0.06563776
   4   1   2          0.29814013          2.27556029          0.08254802
   5   1   2          0.42286303          2.36574998          0.09974481
   6   1   2          0.60575575          2.53025314          0.11324597
   7   1   2          0.58951029          2.71764045          0.12687715
   8   1   2          0.51926916          2.88830572          0.13809030
   9   1   2          0.58154721          3.27068109          0.15164237
  10   1   2          0.58920278          3.58779941          0.16459800
  11   1   2          0.58023555          3.92077611          0.18130767
  12   1   2          0.64529092          4.30953361          0.19608798
  13   1   2          0.86892304          4.88639938          0.21089388
  14   1   2          1.13184249          5.36901145          0.22678257
  15   1   2          1.65199721          6.01909871          0.24332807
  16   1   2          2.53487361          6.77429033          0.26087464
  17   1   2          1.63026341          7.51084129          0.28183731
  18   1   2          1.82298832          8.33884346          0.30193078
  19   1   2          2.09849295          9.07906270          0.31550473
  20   1   2          4.87294391         10.08481052          0.34257987
  21   1   2          7.56086231          7.93340717          0.34094359
  22   1   2          9.33866553          8.33032875          0.33957630
  23   1   2         11.09899864          8.73394750          0.33970835
  24   1   2         11.32202304          9.33091932          0.33897862
  25   1   2         10.69108400          9.95763517          0.34112603
  26   1   2          8.61510277         10.44219056          0.34135560
  27   1   2          7.86771965         11.35765234          0.33941940
  28   1   2          4.84236382         11.52498990          0.33887975
  29   1   2          3.90080338         11.62695066          0.33635667
  30   1   2          4.99532600         11.97317832          0.33544193
  31   1   2          2.95679166         11.71943698          0.33474788
  32   1   2          1.73711619         12.84175598          0.33396441
  33   1   2          0.00000000         11.03323579          0.34184915
  34   1   2          0.00000000         12.21540218          0.33950617
  35   1   2         -9.00000000         -9.00000000         -9.00000000
  36   1   2         -9.00000000         -9.00000000         -9.00000000
   1   1   3          0.00000000          1.55559567          0.02940000
   2   1   3          0.00000000          1.89370097          0.04698350
   3   1   3          0.00000000          2.09448906          0.06375217
   4   1   3          0.00000000          2.24353441          0.07973072
   5   1   3          0.02810459          2.35259792          0.09454709
   6   1   3          0.09633301          2.51826771          0.10746602
   7   1   3          0.21818730          2.73213335          0.12122417
   8   1   3          1.01331694          2.92965149          0.13463749
   9   1   3          1.70607407          3.18827606          0.14856584
  10   1   3          1.97811770          3.53873486          0.16232625
  11   1   3          2.47391200          3.91995602          0.17671979
  12   1   3          2.42861965          4.32048995          0.19434159
  13   1   3          3.44039184          4.76834511          0.21061348
  14   1   3          3.59006257          5.24676590          0.22755144
  15   1   3          3.58728775          5.98991543          0.24152087
  16   1   3          4.09968953          6.59356246          0.25989617
  17   1   3          3.32454503          7.49439994          0.28125000
  18   1   3          1.92955213          8.33143645          0.29959557
  19   1   3          0.70587028          9.27184842          0.31314920
  20   1   3          5.73344994         10.05982496          0.33480510
  21   1   3          9.97242127          7.80781592          0.33124903
  22   1   3         12.32781219          8.02875933          0.33323109
  23   1   3         15.52605985          8.61553538          0.33246327
  24   1   3         16.60601354          9.31048035          0.33049356
  25   1   3         15.83804820          9.94767921          0.32710614
  26   1   3         14.32976151         10.54697141          0.32238193
  27   1   3         12.13641428         11.23528995          0.31478298
  28   1   3         12.71827041         11.33368086          0.31940660
  29   1   3         14.41026292         11.42396845          0.30460027
  30   1   3         10.81310558         10.59877296          0.30489510
  31   1   3          6.13029427         11.14368606          0.30984340
  32   1   3          1.94887017         10.61618484          0.32897196
  33   1   3          2.09770500         12.00172045          0.34020619
  34   1   3         14.95013705         10.15964548          0.32894737
  35   1   3         -9.00000000         -9.00000000         -9.00000000
  36   1   3         -9.00000000         -9.00000000         -9.00000000
   1   2   1          0.19716722          2.11874400          0.03572000
   2   2   1          0.60328886          2.11417054          0.03628000
   3   2   1          0.25554269          2.12053661          0.03752675
   4   2   1          0.08547647          2.16611810          0.04037373
   5   2   1          0.79873097          2.21093249          0.04349305
   6   2   1          1.59281357          2.28373386          0.04734628
   7   2   1          2.14452270          2.45611148          0.05187620
   8   2   1          3.08708276          2.60180111          0.05711533
   9   2   1          4.52863216          2.83062839          0.06401722
  10   2   1          6.79034390          3.05030713          0.06854261
  11   2   1         10.37252345          3.40825682          0.07678604
  12   2   1         12.19630010          3.75315287          0.08865833
  13   2   1         14.20367984          4.21665573          0.09998771
  14   2   1         16.60720114          4.64024587          0.11232288
  15   2   1         18.60854635          5.29838859          0.13046659
  16   2   1         20.34586981          5.72761428          0.14922172
  17   2   1         21.46499772          6.51890287          0.17208094
  18   2   1         21.80802917          7.19515710          0.19666126
  19   2   1         21.11162424          7.97381913          0.22374010
  20   2   1         18.75798781          8.69364963          0.25520197
  21   2   1         20.88682727          8.28465186          0.25396705
  22   2   1         24.89803954          8.76927551          0.25326336
  23   2   1         28.23424903          9.24752439          0.25357433
  24   2   1         31.44403204          9.74308719          0.25286730
  25   2   1         34.63301257         10.31570990          0.25298047
  26   2   1         36.71061250         11.59606762          0.25200411
  27   2   1         38.06817154         12.15734545          0.25507429
  28   2   1         38.16225556         12.73224881          0.25709526
  29   2   1         39.19627192         12.71648268          0.25581918
  30   2   1         41.54663735         13.02288134          0.25672109
  31   2   1         40.28491769         13.18082725          0.25619060
  32   2   1         39.61495834         13.39196117          0.25445829
  33   2   1         37.04261508         13.73833258          0.25000000
  34   2   1         35.38049743         14.63580858          0.25554529
  35   2   1         -9.00000000         -9.00000000         -9.00000000
  36   2   1         -9.00000000         -9.00000000         -9.00000000
   1   2   2          0.23079690          2.08341845          0.03502000
   2   2   2          0.71136100          2.50915776          0.03496490
   3   2   2          0.38996044          2.60608672          0.04160663
   4   2   2          0.09771617          2.73949611          0.04613906
   5   2   2          0.00000000          2.81949858          0.05285946
   6   2   2          0.53714564          2.94200884          0.05880464
   7   2   2          1.59339140          3.08503851          0.06610524
   8   2   2          2.23887459          3.25053012          0.07370394
   9   2   2          2.97522872          3.45459807          0.08098492
  10   2   2          4.11696869          3.77495361          0.08871655
  11   2   2          5.86763118          4.09901428          0.09981014
  12   2   2          7.86028597          4.52439500          0.11333292
  13   2   2          9.23578930          4.99797889          0.12812201
  14   2   2         10.95945848          5.48517223          0.14370816
  15   2   2         11.71417392          6.23200568          0.16179588
  16   2   2         13.17326590          6.81169867          0.18239902
  17   2   2         13.65137117          7.64312610          0.20603920
  18   2   2         13.35312111          8.22568766          0.23197616
  19   2   2         12.17353961          8.93073342          0.26622871
  20   2   2         11.32097241          9.88692049          0.29730077
  21   2   2         14.75890146          8.95508668          0.29549198
  22   2   2         18.14527117          9.33202083          0.29412115
  23   2   2         21.74979261          9.96937726          0.29255214
  24   2   2         23.67984358         10.55136990          0.29214148
  25   2   2         25.47133710         11.37156207          0.29141904
  26   2   2         25.78399438         12.59014935          0.29049207
  27   2   2         25.73766388         13.09148340          0.29169476
  28   2   2         25.94433975         13.02039630          0.28980623
  29   2   2         26.48640823         13.49038028          0.28568579
  30   2   2         25.24752426         13.51071398          0.28450249
  31   2   2         23.35414579         13.13897157          0.28649773
  32   2   2         22.29865265         12.94946528          0.29255319
  33   2   2         25.36848780         13.50671116          0.29037875
  34   2   2         23.15399921         11.68011730          0.29647887
  35   2   2         -9.00000000         -9.00000000         -9.00000000
  36   2   2         -9.00000000         -9.00000000         -9.00000000
   1   2   3          0.15732896          2.07574074          0.03442000
   2   2   3          0.89800205          2.33952503          0.03505469
   3   2   3          0.94795293          2.40782923          0.03873105
   4   2   3          0.64857507          2.49920719          0.04380415
   5   2   3          1.08669160          2.57132154          0.04880962
   6   2   3          1.89549852          2.64443413          0.05437439
   7   2   3          3.07203658          2.80120974          0.06043437
   8   2   3          5.46457628          3.00843053          0.06558669
   9   2   3          9.11805898          3.29053755          0.07499527
  10   2   3         12.78650818          3.54317022          0.08565269
  11   2   3         16.20033056          3.98070217          0.09494540
  12   2   3         20.17434354          4.38986600          0.10616224
  13   2   3         23.95598930          4.80929461          0.11848637
  14   2   3         27.74372042          5.33796134          0.13246622
  15   2   3         30.15919778          5.97283482          0.15314773
  16   2   3         32.44504421          6.78897970          0.17272703
  17   2   3         34.11217528          7.36027175          0.19617198
  18   2   3         33.93639232          8.19340479          0.22375084
  19   2   3         32.79063034          8.92713161          0.25562529
  20   2   3         31.20401109          9.66510391          0.28949327
  21   2   3         31.46874809          8.84292713          0.28750315
  22   2   3         32.76045816          9.44165728          0.28698986
  23   2   3         34.26489258         10.31081669          0.28660276
  24   2   3         36.68944764         10.93495057          0.28389220
  25   2   3         38.23038297         11.36708135          0.28285811
  26   2   3         38.73058671         12.29764559          0.28264623
  27   2   3         37.65131274         13.42456596          0.28377989
  28   2   3         39.14763272         13.22038291          0.28451212
  29   2   3         37.79906171         14.14949735          0.28156997
  30   2   3         32.73747482         14.38286144          0.29261125
  31   2   3         34.34007636         15.30494784          0.28739386
  32   2   3         29.62447375         15.66291784          0.28185745
  33   2   3         27.50429499         15.86593035          0.28625954
  34   2   3         39.37352216         10.33863638          0.27402135
  35   2   3         -9.00000000         -9.00000000         -9.00000000
  36   2   3         -9.00000000         -9.00000000         -9.00000000
   1   3   1          0.00000000          2.69816107          0.03260000
   2   3   1          0.44694446          2.67617231          0.03450069
   3   3   1          0.84496795          2.67939174          0.03294329
   4   3   1          1.75643086          2.68344209          0.03152820
   5   3   1          3.51639744          2.73915252          0.03163265
   6   3   1          6.87753242          2.77103459          0.03191724
   7   3   1         12.43126476          2.87194713          0.03036308
   8   3   1         18.63792373          3.12495613          0.03079942
   9   3   1         25.01033147          3.30670064          0.03421184
  10   3   1         32.80988314          3.57723235          0.03712841
  11   3   1         42.60954786          3.89321105          0.04004418
  12   3   1         52.93752906          4.26324221          0.04365494
  13   3   1         63.99583054          4.68051979          0.04812036
  14   3   1         75.26008606          5.15323079          0.05708100
  15   3   1         85.94708909          5.85437361          0.06606478
  16   3   1         96.65201379          6.49825721          0.07806775
  17   3   1        106.70550537          7.23988137          0.09560980
  18   3   1        115.65713269          7.97409800          0.11613119
  19   3   1        122.24034856          8.79771606          0.14433384
  20   3   1        124.25646973          9.35849085          0.17625430
  21   3   1        127.54752020          9.17385460          0.17560932
  22   3   1        131.17667884          9.55518856          0.17466800
  23   3   1        133.73463304          9.88551296          0.17461331
  24   3   1        134.42728082         10.44895652          0.17539000
  25   3   1        135.54735544         11.34964444          0.17614679
  26   3   1        137.54126359         12.06423292          0.17638051
  27   3   1        139.05569406         12.43658908          0.17689122
  28   3   1        141.56490786         12.65150624          0.17780150
  29   3   1        141.26194686         13.04379677          0.17853457
  30   3   1        142.83750639         12.79361003          0.17947625
  31   3   1        143.49399031         13.32103582          0.18175327
  32   3   1        149.15551821         13.12476976          0.18000650
  33   3   1        157.15173596         12.72181785          0.17478152
  34   3   1        157.96265179         13.56740838          0.17279848
  35   3   1         -9.00000000         -9.00000000         -9.00000000
  36   3   1         -9.00000000         -9.00000000         -9.00000000
   1   3   2          0.00000000          2.73701947          0.03364000
   2   3   2          0.38304525          2.96846787          0.03382300
   3   3   2          1.18095839          3.08729625          0.03303731
   4   3   2          2.42467846          3.10487308          0.03507679
   5   3   2          5.11703948          3.23674868          0.03412990
   6   3   2         10.29687364          3.39871271          0.03380310
   7   3   2         17.07304680          3.45246401          0.03307032
   8   3   2         24.02349148          3.65898174          0.03573115
   9   3   2         32.59326829          3.93281947          0.03931758
  10   3   2         42.83892633          4.24240428          0.04317584
  11   3   2         53.37809623          4.62241112          0.04590005
  12   3   2         64.28279327          5.07137600          0.05004919
  13   3   2         75.95531291          5.52450061          0.05746005
  14   3   2         86.29742101          6.11712759          0.06636817
  15   3   2         96.00002415          6.74376763          0.07828198
  16   3   2        103.85420299          7.53492751          0.09202003
  17   3   2        109.40615337          8.28835669          0.10743334
  18   3   2        113.33857207          8.91363194          0.12865582
  19   3   2        114.82372930          9.82738658          0.15852064
  20   3   2        114.69862787         10.63930548          0.19361335
  21   3   2        115.99943901          9.94913593          0.19255135
  22   3   2        115.79496002         10.35731568          0.19159067
  23   3   2        116.24353514         10.66889347          0.19254165
  24   3   2        117.49114866         11.18196711          0.19293718
  25   3   2        116.28198037         11.91935854          0.19238196
  26   3   2        116.26527405         12.50296385          0.19237833
  27   3   2        117.13637587         13.08516059          0.19262603
  28   3   2        115.70717088         13.40568370          0.19130313
  29   3   2        113.91384888         13.90172122          0.19067619
  30   3   2        113.29982908         13.62421238          0.19016864
  31   3   2        115.59583103         14.17851248          0.19005120
  32   3   2        118.05385369         14.01656257          0.18975317
  33   3   2        117.61758252         14.06056396          0.19215913
  34   3   2        118.84282241         14.24436712          0.19107080
  35   3   2         -9.00000000         -9.00000000         -9.00000000
  36   3   2         -9.00000000         -9.00000000         -9.00000000
   1   3   3          0.00000000          2.71465207          0.03386000
   2   3   3          0.44705997          2.88405882          0.03366424
   3   3   3          1.35997042          2.82249909          0.03442814
   4   3   3          2.92104514          2.94891792          0.03387207
   5   3   3          6.55389080          3.03150891          0.03267249
   6   3   3         12.96016121          3.06833284          0.03251226
   7   3   3         19.91648516          3.19794111          0.03225938
   8   3   3         28.35706793          3.40557590          0.03398916
   9   3   3         38.17453246          3.66599777          0.03670219
  10   3   3         48.86865842          3.88637508          0.03887082
  11   3   3         60.74055481          4.37882945          0.04219922
  12   3   3         73.44588636          4.80805307          0.04794178
  13   3   3         86.29633287          5.18008671          0.05305459
  14   3   3         99.09105106          5.93065073          0.06277831
  15   3   3        110.47148785          6.48681994          0.07358082
  16   3   3        121.27152202          7.26493773          0.08683014
  17   3   3        131.80196292          8.03726406          0.10328011
  18   3   3        140.64180296          8.88833407          0.12481115
  19   3   3        147.44987146          9.78862641          0.15375806
  20   3   3        150.07160299         10.61686361          0.19165154
  21   3   3        153.74391025          9.95350396          0.19032640
  22   3   3        157.46515473         10.28349756          0.18965735
  23   3   3        159.51644208         10.86171658          0.18918127
  24   3   3        161.98341415         11.36122655          0.18722416
  25   3   3        162.59467326         11.91042313          0.18794579
  26   3   3        161.69524916         12.94804048          0.18687231
  27   3   3        162.09204102         13.37736823          0.18907219
  28   3   3        159.27225049         14.37593671          0.19077168
  29   3   3        158.32071206         13.88315221          0.18914659
  30   3   3        155.30784607         15.00143165          0.19321583
  31   3   3        148.42158650         14.19382698          0.19645570
  32   3   3        155.06557527         14.32259420          0.18744770
  33   3   3        150.99525548         14.78327912          0.19013062
  34   3   3        163.98354943         14.35466773          0.18384401
  35   3   3         -9.00000000         -9.00000000         -9.00000000
  36   3   3         -9.00000000         -9.00000000         -9.00000000
