  0.000000000000000E+000  0.000000000000000E+000  0.000000000000000E+000
  0.000000000000000E+000  0.000000000000000E+000  0.000000000000000E+000
   86.7747505572853        92.7519501956573        100.599145673960     
   74.7077763774271        79.5209583675339        86.2327773772176     
  0.000000000000000E+000  0.000000000000000E+000  0.000000000000000E+000
  0.000000000000000E+000  0.000000000000000E+000  0.000000000000000E+000
   84.5406841638628        92.0041013746268        103.193851868086     
   72.7925892635115        78.9028493283797        88.4885127325172     
  0.000000000000000E+000  0.000000000000000E+000  0.000000000000000E+000
  0.000000000000000E+000  0.000000000000000E+000  0.000000000000000E+000
