  0.000000000000000E+000  0.000000000000000E+000  0.000000000000000E+000
  0.000000000000000E+000  0.000000000000000E+000  0.000000000000000E+000
   86.7747505572853        89.9958722816553        95.0595571759546     
   74.7077763774271        78.2660936067057        81.2214676540225     
  0.000000000000000E+000  0.000000000000000E+000  0.000000000000000E+000
  0.000000000000000E+000  0.000000000000000E+000  0.000000000000000E+000
   84.5406841638628        87.5302927820084        92.3239947608443     
   72.7925892635115        76.2184445924696        78.8661609819063     
  0.000000000000000E+000  0.000000000000000E+000  0.000000000000000E+000
  0.000000000000000E+000  0.000000000000000E+000  0.000000000000000E+000
