  0.000000000000000E+000  0.000000000000000E+000  0.000000000000000E+000
  0.000000000000000E+000  0.000000000000000E+000  0.000000000000000E+000
   96.3288749359091        105.374330593019        118.884952442407     
   81.7437709378074        90.6483018938261        100.457360928871     
  0.000000000000000E+000  0.000000000000000E+000  0.000000000000000E+000
  0.000000000000000E+000  0.000000000000000E+000  0.000000000000000E+000
   94.2170138383967        104.617799720820        121.641329355437     
   79.9086027390446        89.9837190820225        102.751245789157     
  0.000000000000000E+000  0.000000000000000E+000  0.000000000000000E+000
  0.000000000000000E+000  0.000000000000000E+000  0.000000000000000E+000
