  0.000000000000000E+000  0.000000000000000E+000  0.000000000000000E+000
  0.000000000000000E+000  0.000000000000000E+000  0.000000000000000E+000
   70.3706824406917        70.3706824406917        70.3706824406917     
   59.6882881226181        59.6882881226181        59.6882881226181     
  0.000000000000000E+000  0.000000000000000E+000  0.000000000000000E+000
  0.000000000000000E+000  0.000000000000000E+000  0.000000000000000E+000
   66.7124185135691        76.7258624193460        92.1448670342502     
   56.6014713388113        65.8144213666703        78.0794983504364     
  0.000000000000000E+000  0.000000000000000E+000  0.000000000000000E+000
  0.000000000000000E+000  0.000000000000000E+000  0.000000000000000E+000
