  0.000000000000000E+000  0.000000000000000E+000  0.000000000000000E+000
  0.000000000000000E+000  0.000000000000000E+000  0.000000000000000E+000
   41.6937436513011        49.6361507587414        60.0436403071595     
   35.7112820947087        42.8082722383265        50.9613165703589     
  0.000000000000000E+000  0.000000000000000E+000  0.000000000000000E+000
  0.000000000000000E+000  0.000000000000000E+000  0.000000000000000E+000
   39.5694159468823        48.8474037146648        62.7309630575326     
   33.8657250114770        42.1551214374078        53.2586267509327     
  0.000000000000000E+000  0.000000000000000E+000  0.000000000000000E+000
  0.000000000000000E+000  0.000000000000000E+000  0.000000000000000E+000
